Wrist_median_x,Wrist_median_y,Wrist_median_z,Wrist_left_right_crosscorrel_x,Wrist_iqr_x,Wrist_iqr_y,Wrist_iqr_z,Wrist_mean_2d_entropy,Wrist_mean_3d_entropy,Ankle_median_x,Ankle_median_y,Ankle_median_z,Ankle_left_right_crosscorrel_x,Ankle_iqr_x,Ankle_iqr_y,Ankle_iqr_z,Ankle_mean_2d_entropy,Ankle_mean_3d_entropy
0.1886647695722763,0.5487724697883756,1.4830338701979269,0.14230355151585083,0.10916623854504603,0.15977457064971604,0.19013254746127262,4.906890595608519,4.637283234425292,1.6446571589808037,6.059059030864219,3.206902300513466,-0.3847425176034282,0.09581063894170033,0.12180260686948552,0.2260464730928462,4.767266533090489,4.518700023492256
0.45335458205320833,-0.06948819802783068,1.0900932721112966,0.7320559484234599,0.397530301811428,0.6711266570579131,0.3422385854302909,4.906890595608519,4.734559762227109,1.1345061476808653,5.7588514462529385,3.249153977727082,0.5396847977720391,0.5975208999662711,0.25477431540110596,0.3232253306841637,4.86726653309049,4.731836290028925
0.2636961386399568,1.1052415255520218,0.20280805062535756,-0.6251366351704117,0.6762478959369957,0.9376661199391322,1.0119276692661068,4.906890595608519,4.851335040052963,0.2840233231447271,4.579612267597486,2.4548224461110983,-0.9184342586169421,0.6654393046780385,0.4106304880582492,1.041503843315638,4.906890595608519,4.851335040052963
-0.21317811840030654,2.479632497089525,1.3436033353929937,0.7065214341100009,0.6440182465821018,1.5759143991603743,0.6887023385819432,4.890223928941852,4.754058512251147,-3.052312335438678e-05,4.713090211736931,0.7816560284518987,-0.788603061482161,0.5494391499468919,0.5585262536004798,1.0119276692661068,4.906890595608519,4.8471412205965
-0.09429892013781416,2.451153445419442,1.6055637341174136,0.09359147699873505,0.5556605527408438,1.0389972755492858,0.8809474699038966,4.906890595608519,4.7471412205965,-0.03566637825227836,3.9504512001127674,-0.109854360755402,-0.1459292320593331,0.38450131143574906,0.7360975021850467,0.7119407610494322,4.906890595608519,4.81800170671963
-0.3996286506228133,1.992321321799358,1.1154442784394663,-0.6684967570002343,0.4132879237802496,0.9574017114418577,0.32745049840552515,4.906890595608519,4.6456708733382195,-0.5928889440562615,4.968420208262309,-0.2915365727739514,-0.7521944075926237,1.1818980665308227,0.2053373688478528,0.49856979112067057,4.890223928941852,4.824918998374277
0.11715181375470696,1.3973823382084398,1.2548748132443996,0.9446895157172409,0.5628598313892126,0.8108921528327899,0.5957486487119877,4.873557262275185,4.669363442818721,-0.9432174388986281,5.117762549514387,-0.28308623733122823,-0.3843433211894983,0.287181912203603,0.3569454232427769,0.17745704429718784,4.906890595608519,4.615976551294073
0.06993888878236199,1.8371568041205606,0.5746228101051797,0.35787264835075416,1.8574218882011633,4.212710977567481,2.1844117119439552,4.906890595608519,4.840223928941852,-1.291801867336752,6.556739034081339,1.394305348049333,0.4480841896054225,1.1816147691180983,1.4807109064174764,1.8696367167025145,4.906890595608519,4.8735572622751855
-0.8795430452342683,2.629138390064801,1.985828829039959,0.722358480892647,0.3922729445151232,0.6001690189570896,0.3295630822662059,4.906890595608519,4.7471412205965,-0.09830545822684411,4.816868253133649,0.8070070347800684,0.34917392316274987,0.31702480513975106,1.1532885819218877,1.1513582040710402,4.906890595608519,4.7915856650409445
-0.3473606801374767,1.721756184067702,0.8492587119936845,-0.14249948054116318,0.35131839788378016,1.6128499674795018,1.195722465145337,4.873557262275185,4.742947401140036,0.3758842153079107,5.499345037022137,-1.1492456202103594,0.2948106641699664,1.6211127921036295,0.5494725207642173,1.295013906597335,4.906890595608519,4.840223928941852
-0.9881268690370848,0.39873807857726307,0.25351006328169695,0.17867557835401995,0.22319796476260745,0.362365008163131,0.31688757910212123,4.873557262275185,4.652588164992867,0.7798988959150986,4.680697494255318,1.1069939429967433,-0.707950525785995,0.6081765902360269,0.418070044721528,0.6654639161144544,4.833933199757156,4.791585665040943
0.06504442462907445,-0.1626798701040182,0.8365832088295998,0.152177122251259,0.5542569474972727,0.35860405754486424,0.27041073416714345,4.840223928941851,4.676280734473369,0.636563032257549,5.1010743421209295,2.061881848024468,0.6129544859296715,0.29422105159168327,0.4481709691290119,2.061881848024468,4.906890595608519,4.813807887263167
-0.3015657427191605,-0.1831935723398913,0.6210996550401574,0.5305513223831055,0.23285049920450307,0.5295060196953896,0.21125838606808078,4.906890595608519,4.742947401140036,1.0477210355536075,5.072530581325882,2.3787694271265893,0.6712972906547551,0.15550942375456983,0.488652736460085,1.4576828638697572,4.856890595608518,4.791585665040943
-0.5962017036022491,1.5831883843868844,0.7013778417460281,-0.5093721630526458,0.8519942753173559,3.307465986250146,0.9084110600927473,4.906890595608519,4.784668373386297,0.9305906366463181,5.075528476777791,1.7956962815786863,-0.7744996325697165,0.5093057541000279,0.3923671692995607,1.2041728005880603,4.890223928941852,4.851335040052963
-0.29891014104715197,2.798860542911828,1.4196563543775027,-0.22129448052956835,0.23657944793450936,0.2801855261218622,0.3718147594798221,4.873557262275185,4.647141220596499,0.7353484969866121,5.045934189164431,1.3774046771638866,0.46689508772526106,0.2273310943366803,0.4276700864828378,0.42040418827548054,4.823557262275186,4.665169623362258
0.0060609440706680395,2.5894359464282353,1.504159708804735,-0.5695368759222932,0.10070908521857902,0.11601255428407897,0.06971526740246659,4.548394345536403,4.131064259543272,0.7910656888135654,5.261678222820011,1.3689543417211634,0.7265106283566013,0.09333838218645313,0.04924335925492285,0.08027818670587067,4.577642470572461,4.211010701351956
0.12100760228461471,2.356562589449526,1.284450987293931,0.03628457685626751,0.0990882123656549,0.47244419972605,0.23872197625693137,4.873557262275185,4.645670873338219,0.8356737967754543,5.360373088445187,2.670305999900541,-0.3583948823094488,0.23691524186240348,0.20848654973831904,0.8323580411082381,4.554685074721099,4.477533859413272
0.5183041758666977,0.7260279379652905,1.3140271613434624,-0.6610106167108047,0.08909570719966275,0.9154736420735774,0.2154835537894425,4.840223928941851,4.457376099034946,0.6606810767218567,5.306669252633394,2.7252331802782415,-0.7574360094988998,0.19344879265145914,0.0923767786856109,0.23238422467488884,4.840223928941851,4.6345597622271075
0.45949340102488234,0.2639677375996364,0.9168613955354705,0.7812444393253395,0.9177806487078732,0.769016029085952,0.591523480990626,4.790223928941852,4.508143720548421,0.44718213456469114,5.427656531205258,3.0759221011512556,-0.35066042737043635,0.4045415157268233,0.2716588853593418,0.34857633701233337,4.873557262275185,4.731836290028925
0.48240827107030304,0.12037829760238422,1.195722465145337,0.7247948102120088,0.47709537897864873,1.1965875387604785,0.42674193985752307,4.856890595608518,4.645116065170942,0.6647374489908571,5.546436899490352,3.0125445853308315,0.4603732156248822,0.18923093708606953,0.2151870512487002,0.19013254746127273,4.906890595608519,4.607588912381145
0.30583120431943467,0.4514718552455432,1.276000651851208,-0.4573209065555532,0.11590549396123251,0.3903235896857271,0.19013254746127267,4.890223928941852,4.552033356825589,0.6531008995905714,5.554531738119583,3.249153977727082,-0.6675225176993362,0.21476593174543923,0.11994166545064866,0.3633644240370988,4.794309137239127,4.533089414968828
0.018215828689302604,-0.11924450379372864,1.0055899176840644,0.28542974757358947,0.12058754487299561,0.26604602330118393,0.3781525110618645,4.6150610122030695,4.348537854141752,0.6418666610054158,5.715616682980724,3.287180487219336,-0.1496223313851468,0.17571728239945267,0.14037801229925106,0.19224513132195353,4.673557262275185,4.447839537369125
-0.5556420709761616,-0.8276671158092161,0.6760268354178585,-0.014463859704770734,0.23304799920376063,0.12882988752083963,0.18801996360059192,4.773557262275185,4.590115317782663,1.095556845597054,5.506386917195606,3.1519751201357646,-0.7038058583823592,0.18472865656534437,0.12541060886022093,0.22604647309284598,4.806890595608518,4.522661376393351
-0.8981252267043489,-0.7509859230648331,0.24505972783897367,0.02048244079692241,0.5985137021844071,0.7910453281207948,0.3992783496686726,4.906890595608519,4.6859214983262,1.1749672519784444,5.374899164494132,3.00831941760947,0.9317375527430718,0.24393975150727448,0.1649253761788616,0.12041728005880614,4.873557262275185,4.525384848591534
-0.7283485209383813,-0.22208422741049405,-0.012675503164084834,0.37588853386928,0.11177697404222808,0.23405996111025051,0.4309671075788848,4.873557262275185,4.698502956695592,1.0753878499901286,5.494163663933053,3.202677132792104,0.42424844692832,0.10229254567966495,0.23163999590849293,0.24294714397829265,4.890223928941852,4.540922245714478
-1.16701914930937,-0.615075794153144,0.03380134177089289,-0.14909759614069082,0.2599693977656772,0.33056009282574284,0.2598478148637394,4.873557262275185,4.680474553929833,1.180506794585076,5.427914024394467,3.135074449250318,0.7396717772513324,0.10087174287191941,0.11182502094101343,0.12464244778016753,4.756890595608518,4.447839537369125
-1.299896359237974,0.10063821035425036,-0.4563181139070544,0.49816198241522064,0.12177606172933864,0.6255358042833981,0.23872197625693126,4.873557262275185,4.716531359461349,0.8204639031369225,5.615889137590681,2.8688888828045367,0.7721915389219322,0.07854182622396788,0.3376121778980874,0.1499934541083372,4.856890595608519,4.524701776055901
-0.7066855430658818,-0.7331937753904658,-0.8788348860432159,0.2563269382459883,0.6371998268681076,1.584839211111424,0.46054328162841607,4.906890595608519,4.724918998374277,0.8290807367741535,5.86974300002854,3.050571094823086,0.8771753998980367,0.191107610102637,0.2317399319831237,0.23449680853556965,4.873557262275185,4.654058512251147
-1.0897383632634856,-1.7815856852284149,-0.3718147594798221,0.3017687520635165,0.08297832746582712,0.17973461277407887,0.10562919303404038,4.840223928941851,4.415759328975696,1.036072932632484,5.978014683599552,3.4223858543029078,-0.4426116872317308,0.43269928326455465,0.28256517520586266,0.28942398891327037,4.873557262275185,4.6345597622271075
-1.6575880317329235,-1.2373272139402942,0.02957617404953128,0.42087232774812966,0.3095807479979733,0.709982289209162,0.3781525110618646,4.906890595608519,4.712337540004887,0.8749634698866756,5.0966100895737645,1.711192927151454,-0.8892495326903149,0.812822234166145,0.7307903128826365,1.3710669255818444,4.906890595608519,4.802696776152056
0.1818417150504703,0.4682865337976161,1.3224774967861856,-0.18191411833520404,0.6787123893199549,1.1864217242125525,1.0795303528078928,4.906890595608519,4.820725178917813,0.2137535930619624,5.00732714932456,2.7210080125568803,-0.6311025492009572,1.0506036995828587,1.2522395360758425,2.3090541597241225,4.906890595608519,4.851335040052963
-0.009595783644727796,1.299334238991001,0.6887023385819433,-0.8368984777316506,1.7891485486949117,4.643552540129568,1.119669446160828,4.906890595608519,4.836030109485389,0.801034635408586,4.911110477047719,1.6942922562660074,-0.02844664293944872,1.192264300945191,0.7463387787449705,2.2794779856745913,4.906890595608519,4.884668373386297
-0.6182444480588156,3.641958514550341,0.9210865632568321,-0.4610279577159763,0.5896647702453355,0.5662156644858882,0.46688103321045854,4.906890595608519,4.7387535816835715,0.3689580740481514,5.473410205504775,0.3211127468234828,-0.017344975207380334,0.5729107923901742,1.6186117615312767,0.6633513322537735,4.906890595608519,4.836030109485389
0.3723952977903626,2.7233541589788217,1.4027556834920563,0.024243861231206126,0.3377664296837972,0.6488749490207342,0.43096710757888473,4.873557262275185,4.720725178917814,0.24712478262279003,4.5653780694975605,0.3084372436593979,0.6567069252937943,1.0679362936501722,2.1100657176819615,3.1942267973493808,4.906890595608519,4.758252331707611
0.37776373773542726,0.6184779614811027,1.5844378955106055,-0.7445945656403363,0.48061753386902417,0.7725817575991807,0.42462935599684226,4.906890595608519,4.858252331707611,0.37773936823379994,4.30516419435425,1.0689674335044885,0.5260049685820264,0.2748310880739233,0.5427000086546756,1.2316363907769108,4.906890595608519,4.6859214983262
-0.21947413141467909,1.0916601334407006,1.3478285031143553,-0.342857630964596,0.6068079493703866,1.4483325043184045,0.9422124018636402,4.906890595608519,4.840223928941852,0.47896137926597504,4.596832410308076,0.8746097183218543,-0.7951231498413714,0.6224297090869236,0.5900044041381571,0.5112452942847554,4.890223928941852,4.742947401140036
0.6688957047522983,2.7379838884072427,1.546411386018351,-0.581451513970795,0.9137066298504726,1.487486929740526,0.6063115680153918,4.906890595608519,4.783198026128016,-0.006575054566628991,4.6644842381729354,1.5717623923465207,-0.5479973045587183,0.9787880008121778,0.7556023107684924,0.9147488116747897,4.873557262275185,4.791585665040944
0.35964085431542747,1.9201201683063038,1.415431186656141,-0.5304997883035621,0.20529667904891324,0.36566451955820445,0.43307969143956543,4.906890595608519,4.773557262275186,-0.14449793305458503,5.328811127351746,2.395670098012036,-0.011214440167601888,0.38681055599556635,1.2139820651023028,1.480921286337246,4.890223928941852,4.75825233170761
0.06618347332859198,-0.6847210105221392,0.7098281771887514,-0.6818186542373503,0.6477882333231393,1.1453587821784978,0.395053181947311,4.873557262275185,4.720725178917814,-0.8344614069309,5.263974184781954,3.0674717657085324,0.9057094824015253,0.5953971602464669,0.2708094154664358,0.5788479778265414,4.873557262275185,4.7276424705724605
-0.2870862686789897,-0.45814206086742926,0.33378824998756756,-0.8052722156633746,2.084164242445657,5.361812152982024,1.2041728005880603,4.906890595608519,4.851335040052963,-0.12609643852083519,5.226909265275507,3.0040942498881082,0.3197923655580436,1.016863023832865,0.5392570249988533,0.5091327104240748,4.906890595608519,4.720725178917814
-0.4290520669961224,2.236432487413597,0.768980525287814,0.34290824223107574,1.643229051986527,2.7204883885642546,0.7415169350989635,4.906890595608519,4.740223928941853,0.16578491231971426,5.066745129393347,2.1210341961235306,-0.24392508730295634,0.4192086156589875,0.2117787945953009,0.44998036232501215,4.906890595608519,4.742947401140036
0.03486773021022671,1.460867366373137,0.3211127468234827,-0.42336493094932615,0.8052169844163668,4.012570060969473,1.5675372246251593,4.906890595608519,4.81800170671963,0.043264115454691,5.831115370500383,2.9829684112813,-0.40665923780668617,1.214181726487893,0.6122694551800754,0.8513712958543653,4.906890595608519,4.776280734473369
0.41584212440722945,1.608150606835073,0.9253117309781937,-0.5918279071271548,0.27344291661143494,0.7000637624487496,0.3126624113807596,4.873557262275185,4.649309884627407,0.5365884115608156,5.540149550549085,3.3336573321543144,-0.695651484240457,0.24445071028494175,0.3296301752617654,0.4436426107429692,4.906890595608519,4.702696776152055
0.23865321178825294,0.45312496768885935,1.1492456202103594,0.4970108674653302,0.19991565049040405,0.6081143359319783,0.4246293559968422,4.906890595608519,4.784668373386297,-0.1616403688025302,5.634346081924342,3.0547962625444476,0.27415217560844946,0.7371723699316053,0.8673768007984415,0.9295368986995551,4.906890595608519,4.7804745539298334
0.2793264936480657,0.7554405544108004,0.6675764999751352,-0.8264565370889966,1.5704462269209674,3.836438463678455,1.0964310236933392,4.906890595608519,4.829112817830741,-0.2524093084349912,5.088079332619799,2.5097496264887993,0.7079410649969623,0.3018910533062128,0.4051814401014622,1.8400605426529835,4.906890595608519,4.829112817830741
0.17395272969071707,0.9139025931670677,1.22952380691623,0.6330128266545058,0.9729349794598754,2.528143579614202,0.711940761049432,4.906890595608519,4.736030109485389,-0.179823849659825,4.792764700897037,1.757669772086432,-0.11645960380558759,0.262921678661889,0.45384481708872393,1.286563571154612,4.906890595608519,4.858252331707611
-1.0106872368380764,2.158713951885499,0.8027818670587068,-0.11817134949232802,1.1230258206532593,1.8564731656793065,0.965450824331129,4.906890595608519,4.862446151164074,0.4962375836216928,5.173937800424135,2.7759351929345812,-0.7803906053145946,0.7257405422558947,0.685244189993591,2.0428685932783406,4.906890595608519,4.824918998374278
-0.9053863696914553,3.0167642879894094,1.0098150854054262,-0.6896588281278184,0.20450916173524059,0.45396434159468857,0.4267419398575233,4.906890595608519,4.71653135946135,0.3383698225220958,5.140216220921873,2.45904761383246,-0.23641644100869214,0.2108736297815641,0.5556864376880486,1.0541793464797231,4.873557262275185,4.7471412205964985
-0.311014420301865,2.3793815539541203,0.7647553575664524,-0.13832400026665786,0.3802032000180189,0.6526707427573403,0.2049206344860383,4.873557262275185,4.547839537369127,0.34925397006003056,4.588218085482341,2.1083586929594462,0.47361179512695123,0.1528232585134085,0.38676472869264744,0.6908149224426242,4.823557262275185,4.669363442818721
-0.37712107501246717,0.7920551355245671,0.27041073416714334,0.5818894730707831,0.3150676886729902,0.38033433974730485,0.3654770078977797,4.873557262275185,4.765169623362258,0.12069639160694812,4.597670116833122,1.833722791070941,-0.38485539928154733,0.45390605363568437,0.2201609066611625,0.4035035173900342,4.873557262275185,4.724918998374277
0.26713923421622354,2.0712876822964574,1.0393912594549573,-0.8493386540449125,0.16961106753712363,0.10893185186402798,0.3232253306841636,4.873557262275185,4.620725178917813,0.24588440582216053,4.865976073846582,2.129484531566254,0.3137253450326163,0.0684104621146564,0.14352003035847316,0.21970872151080423,4.6150610122030695,4.386619815098826
-0.41614211493291364,2.0620449367701426,-0.45209294618569285,0.21966491895641269,0.5478796294230266,0.8211202242857725,0.5978612325726687,4.906890595608519,4.78739184558448,0.20725990021828367,4.863034335184542,2.133709699287616,0.8992941314902837,0.07294121747465498,0.17842720982529103,0.29153657277395173,4.806890595608518,4.5831980261280165
-0.9427931222494008,2.0354515749263307,-0.19435771518263423,0.24006361540416146,1.863372585318963,2.8779744703142054,2.4294714397829287,4.906890595608519,4.862446151164074,0.2929301790499994,4.793273901624859,1.8168221201854944,-0.1469357251021166,0.24338973279746612,0.577311176021202,0.5196956297274788,4.906890595608519,4.776280734473369
0.1524380706271371,0.9193877717308275,0.9633382404704482,0.2465684159786366,0.39445173023436864,0.5533767760946604,0.9316494825602363,4.906890595608519,4.824918998374278,0.8942650338339189,6.763785286019532,3.4012600156961,0.3642846205703622,0.45370918188007026,2.100824154977246,1.2802258195725689,4.906890595608519,4.765169623362258
0.37663076585261557,0.4904327782135036,-0.10562919303404039,0.45425673233488056,0.8367014011209672,1.2731590828332275,0.8915103892073006,4.906890595608519,4.862446151164074,0.052501960256463365,6.069310286804152,1.339378167671632,0.5735973910708393,0.5392856685277228,2.371299834056593,1.0943184398326584,4.906890595608519,4.798502956695591
0.7557105427535382,-0.4270234386268234,-0.6337751582042424,-0.6359364741146479,0.5830230661642841,0.740854200516986,0.30209949207735554,4.906890595608519,4.667893095560442,0.6470017986889133,5.824419470540273,2.5773523100305855,0.8792434611894022,0.18707638262367077,0.6079785241649058,0.6654639161144543,4.890223928941852,4.765169623362258
-0.331639810288368,-0.9055640800656553,-0.2577352310030585,0.7412565582719365,0.20861663667351582,0.14040231715459794,0.10985436075540195,4.873557262275185,4.510312384579329,0.6097791142548392,5.98224387741655,2.8477630441977286,0.9048838791495921,0.1810508434938257,0.46928567474495786,0.2577352310030583,4.890223928941852,4.6762807344733694
-0.7836155067591877,-1.4910089839812957,-0.21125838606808078,-0.702297216484512,0.4722822601757879,0.48086228299022726,0.4563181139070544,4.906890595608519,4.6957794844974075,0.7107808693402823,6.220197196240802,4.022359670736257,0.45296524351613165,0.6168870023909466,0.46518105762683293,0.41829160441479996,4.906890595608519,4.674255579047812
-0.9330006168458578,-1.831626278258995,0.02112583860680811,-0.25495104805003477,0.6607578923817541,0.7164447475576139,0.4795565363745434,4.840223928941851,4.773557262275185,1.0392120208411475,5.521553642834748,3.5575912213864798,0.9410173655570172,0.49896174437386265,0.4048689974064521,0.686589754721262,4.906890595608519,4.820725178917813
-0.8573902934246869,-1.5597626353120906,0.12675503164084845,-0.6177825947998606,1.6554591900408662,0.3702513918178072,0.8175699540834725,4.906890595608519,4.754058512251147,0.33523705431380324,5.879752554135612,3.278730151776613,0.9801340249788715,0.8522977396053917,0.5775661006880162,0.6612387483930924,4.906890595608519,4.758252331707611
-1.032309057737896,-1.7174929556965743,0.2619603987244201,-0.5808821029024037,0.40470329472086464,0.19206332660506575,0.3042120759380364,4.840223928941851,4.660975803905794,0.20536335722528848,6.059103690748442,3.1519751201357646,-0.04051670230123026,0.23050451504156244,0.31315656047261076,0.20914580220739976,4.906890595608519,4.588090162357107
-0.7117009003137582,-0.7566100135548728,-0.9337620664209167,0.51086379862115,0.2875149893773803,0.4159710335246397,0.8957355569286625,4.906890595608519,4.802696776152056,0.36874434217096197,5.721231951160879,2.9576174049531305,0.36584200765197883,0.1407075144016427,0.15499849924672393,0.2915365727739515,4.890223928941852,4.705420248350238
-0.33584389281627436,1.588100555621892,-0.13520536708357156,0.13920336708175193,0.2724148926169718,1.349492163697093,0.7499672705416867,4.873557262275185,4.791585665040944,0.6131268567301255,4.934053677247212,2.809736534705474,0.9375769996223294,0.34663677757392086,0.4875045938860505,0.5598347230804138,4.906890595608519,4.754058512251147
0.6247056171489884,-0.10060867047999922,0.9675634081918099,0.8140209395529546,0.1812017930471228,0.6254715208949408,0.38660284650458776,4.906890595608519,4.660975803905794,0.8184435826491754,5.280644665519802,3.544915718222395,0.9076070760658703,0.5663906234130612,0.37862779517109235,0.5577221392197331,4.873557262275185,4.720725178917814
0.8711973361396717,-0.7580210031544339,0.012675503164084834,-0.09638166595144919,1.0543902609408127,0.8541158863790326,1.1365701170462745,4.873557262275185,4.8513350400529625,0.6793609739490785,5.390993369813394,3.6885714207486897,0.6917417389480883,0.38031522272531026,0.2021374555933826,0.285198821191909,4.906890595608519,4.649864692794683
-0.5097269478343533,1.2969309373176885,0.10562919303404028,-0.08629553900074198,0.29220760029107273,0.9214915808829404,0.5281459651702021,4.906890595608519,4.731836290028925,0.3452630827815426,5.164451801090059,2.032305673974937,-0.538576842835062,0.2898803082277742,0.6612126321321221,0.4330796914395657,4.906890595608519,4.776280734473369
-0.9170359171533886,-0.0411283612240434,0.5196956297274785,0.7731899351256177,0.23886785484934858,0.5351631457769727,0.15633120569037995,4.840223928941851,4.549309884627406,0.5424261514376116,6.036568449526713,3.325206996711591,-0.8260866265657179,0.5304336010424304,0.13669349011199028,0.7837686123125798,4.840223928941851,4.577533859413272
-1.23917563953392,-0.6247014717837074,0.6929275063033048,0.28330185871129276,0.12426878654771789,0.2835795073250783,0.09717885759131734,4.806890595608518,4.408287229153771,0.7492591177775718,5.40160297614419,2.9280412309035992,0.575078617820424,0.261957223998739,0.33996581755198774,0.16900670885446445,4.794309137239127,4.483109068177996
-0.39847472367533365,-0.8259759078786297,0.5999738164333492,0.7919903293523932,0.9044595243287672,0.5642745641391258,0.504907542702713,4.873557262275185,4.740223928941852,0.6793423165804203,5.348462689339122,3.0421207593803627,0.5854570848216566,0.22821007794449438,0.15326020729334688,0.447867778464331,4.840223928941851,4.62764247057246
-0.8473669307050207,-0.9296268434998389,0.7605301898450907,-0.31187745961327934,0.5918985684098166,0.25124493949177096,0.30209949207735554,4.873557262275185,4.679004206671553,0.8672903950808253,5.324189822087774,3.1519751201357646,0.7441406322259434,0.3741815372522286,0.4556604911598434,0.593636064851307,4.873557262275185,4.745116065170942
-1.2258086116402716,-0.9578678522383721,1.242199310080315,-0.33083162230555446,0.6102339770039913,0.4704604431482632,0.27674848574918587,4.840223928941851,4.698502956695592,1.0523322956660452,4.683334531006975,2.0323056739749368,0.8929995158349103,0.2518618839290105,0.5858752351715011,1.261212564826442,4.890223928941852,4.818001706719629
-1.6716373661928754,-1.2440631583447503,1.449232528427034,-0.7790804489937279,0.13838853412854113,0.12477621493261731,0.3718147594798222,4.873557262275185,4.647141220596499,1.175103602153572,4.71087889023771,2.239338892321656,0.9542671293467248,0.41455522785606463,0.4772905576052473,0.931649482560236,4.906890595608519,4.851335040052963
-2.027051584165796,-1.2547899394984283,1.6182392372814987,-0.5453128563441537,0.1904236483452133,0.1796943716261273,0.4880068718172666,4.873557262275185,4.765169623362258,0.7814587282860788,4.897140832907429,2.4336966075042903,-0.6021208361014723,0.6311638170278987,0.2768179803076185,0.4795565363745433,4.906890595608519,4.736030109485389
-1.823411240731172,-1.3405019773579356,1.2210734714735068,0.4660290645844674,0.16176875983409222,0.23046235096720344,0.23660939239625034,4.906890595608519,4.694309137239127,0.7385284742554225,4.685391120770266,2.1886368796653164,-0.39694956542783183,0.4844482616722069,0.3433551431450099,0.4689936170711393,4.873557262275185,4.751335040052963
-1.627615239221733,-1.3122114185098186,1.0436164271763189,0.34382341331766536,0.2271381285125853,0.2972028831882372,0.49011945567794757,4.840223928941851,4.751335040052963,0.9357749516744702,5.207359461081358,2.404120433454759,0.7601690796735456,0.15192246060562092,0.2514558543349721,0.5196956297274787,4.906890595608519,4.806890595608519
-1.4036075845756064,-1.255899638035749,0.8492587119936845,-0.7726708075930162,0.29310571415874787,0.34827945581443887,0.347520045081993,4.873557262275185,4.709614067806703,0.586688844562625,5.372970345945589,2.6956570062287106,0.8015629196095074,0.39781776781752054,0.6591779979068257,1.1862158377722734,4.906890595608519,4.824918998374278
-1.3554142198844437,-1.2854997178143,0.735179183516921,0.27852201912757085,0.09470619788732382,0.11186898708774567,0.11830469619812511,4.640223928941852,4.379004206671553,0.7436117865473939,5.659547958003839,2.8900147214113447,0.9305927387992523,0.1541768158028535,0.21053184393752744,0.27252331802782415,4.890223928941852,4.656227176282053
-1.326882026998867,-1.5383047898619802,0.7098281771887514,-0.14486879836666008,0.34472322519779164,0.3489744622471834,0.25984781486373926,4.906890595608519,4.694309137239127,0.7077097021984495,5.721228001856625,2.8139617024268357,0.4162278136738482,0.21077366855112672,0.2277761645364742,0.2133709699287616,4.873557262275185,4.5303659427706435
-1.459353194637842,-1.4093332593400385,0.7098281771887514,-0.312125173523784,0.3231374425044058,0.20057550799508989,0.3020994920773554,4.906890595608519,4.6700617595913485,0.9735099682136309,6.125441174130707,3.4435116929097163,-0.5009904684685437,0.3238468318638983,0.44166799118329525,0.8408083765509613,4.906890595608519,4.81800170671963
-1.1601053186201091,-1.3086613203473012,0.5661724746624563,0.38570667184021,0.30935125345285197,0.47759916861772356,0.1837947958792302,4.773557262275185,4.590115317782663,0.9198872897750199,6.023197882096936,3.3421076675970376,0.17829763128398776,0.3134649558845841,0.17315645583144335,0.23027164081420803,4.890223928941852,4.600671620726498
-1.2344141233243935,-1.215956226436198,0.19013254746127262,0.45134797250095515,0.18002672939790587,0.3459035259188539,0.5534969714983716,4.82764247057246,4.716531359461349,0.9879906547517798,5.8962613514388105,3.135074449250318,0.30235440864406854,0.2001808955290687,0.20422534264105918,0.20703321834671895,4.856890595608519,4.6471412205965
-1.2485041250770639,-1.5683200302894447,-0.10985436075540195,-0.8572508669430338,0.8010888190500007,0.42287955016952916,0.7267288480741978,4.906890595608519,4.78739184558448,0.9454408691261884,5.753390545677515,2.5266502973742457,-0.9385906354563739,1.251508644325285,0.7030894504489531,0.802781867058707,4.873557262275185,4.78739184558448
1.1914457772230986,-0.6934627018420751,0.7774308607305371,0.39339966323851683,0.667607757360206,0.803233941780374,1.0267157562908724,4.906890595608519,4.736030109485389,-0.08302727763926465,4.374452370625081,1.064742265783127,0.18943449679939908,0.19971051321400513,0.13633296140335482,0.10351660917335953,4.906890595608519,4.498646465300941
1.238428326227433,-0.6631268546468686,0.8872852214859391,0.5149917257107169,0.13195761499093406,0.1386890750107503,0.09717885759131728,4.823557262275185,4.391368442722567,0.11065619546246674,4.537163105685346,1.1154442784394663,0.23342429166897302,0.15329089774556348,0.11232914003123895,0.2978743243559938,4.890223928941852,4.6381987735162955
1.1515630688100096,-0.6660539049582518,0.6992652578853473,-0.9705032530099559,0.3182049218502243,0.2512244018510248,0.4013909335293534,4.760975803905794,4.667893095560442,-0.03802455551773898,4.421571317339566,1.185159545841933,0.2139683511903741,0.385553895619579,0.35229309962062816,0.28097365347054754,4.856890595608519,4.698502956695592
1.0657285266698309,-0.2057088756813833,0.7056030094673897,-0.1162354868332745,0.34235899447697005,0.5417602869520372,0.5218082135881595,4.906890595608519,4.81800170671963,-0.6247272195450244,4.564847481093844,1.2633251486871229,-0.25528716534137214,0.1965067756279415,0.24924666334220769,0.8809474699038968,4.906890595608519,4.7915856650409445
0.11204082594643783,0.756805180951697,1.326702664507547,0.14802745914027612,0.32768474341185305,0.33399620104775596,0.13098019936221,4.840223928941851,4.5853666901589225,-0.41276288806419825,4.723270403418592,2.425246272061567,-0.904915257963264,0.27624706528273135,0.18593813581195917,0.5851857294085836,4.873557262275185,4.818001706719629
0.30696787505845924,0.3525723874375476,1.1323449493249127,-0.7646035957413894,0.462155198565533,1.4213876463993593,0.1774570442971879,4.906890595608519,4.605420248350239,-0.6111006017718312,4.635505535960669,1.6647160822164764,-0.43534707778322296,0.5319407216095096,0.6464212118762229,2.6597430805971367,4.906890595608519,4.8735572622751855
0.3182314440166518,-0.25168860665726556,1.22952380691623,-0.06471332918749516,0.41433048457489186,1.2543714437261104,0.3042120759380363,4.906890595608519,4.769363442818722,0.06493518144413446,4.235749285052094,-0.34223858543029084,-0.454915025603543,1.4340738361835768,0.5158485686414642,3.967432490358556,4.906890595608519,4.8735572622751855
-0.9690404850927119,1.6485292192102523,1.7956962815786865,0.8784398822349199,0.25019666257897644,0.2708288127277827,0.37603992720118373,4.906890595608519,4.713807887263167,-1.3915719698633902,6.905271460377205,-1.0267157562908724,0.7366851680973334,0.5125611419699332,1.2469423542629325,0.8767223021825351,4.906890595608519,4.840223928941852
-0.325047396770497,2.4147908856144107,2.0703321834671913,-0.29832691071957707,0.6077530180698969,1.9070658986109719,0.593636064851307,4.906890595608519,4.742947401140036,0.5992887130711428,5.7593606355510225,0.6506758290896888,0.7718939430155151,2.8524330527595816,2.410363689659473,2.334405166052292,4.906890595608519,4.884668373386297
-1.0134097257154835,1.7529315143474709,1.791471113857325,-0.8656286063098888,0.2931174828730101,0.36290169933419364,0.8386957926902805,4.906890595608519,4.776280734473369,0.26796229528502014,4.492802514084557,1.6435902436096683,-0.3802231468173381,0.6227627574587207,0.6506840756457319,0.5534969714983715,4.906890595608519,4.7804745539298334
-0.6709964288487145,1.7570031427679782,1.3351529999502705,-0.8352449840020876,0.2837851395294462,0.745625656951167,0.9570004888884058,4.906890595608519,4.7915856650409445,0.3666088757265962,4.4119798007554145,0.7647553575664524,0.6536881839717872,0.11497581790967892,0.275383424498304,0.42251677213616157,4.840223928941851,4.671532106849628
-0.9023459087384151,-0.033378147001939196,0.46054328162841596,-0.46645042536418785,0.716451459280369,1.0126591833718939,0.6527884129503694,4.906890595608519,4.81800170671963,0.306906425464725,5.171066549619054,2.467497949275183,-0.34325952592927267,0.26139492482829546,0.5496463504447573,1.5823253116499247,4.856890595608518,4.731836290028924
-1.0144160819499666,-1.3065079728718298,1.3562788385570785,0.46486708918915787,0.2761486407965261,0.3632361139370891,0.39294059808663023,4.890223928941852,4.78739184558448,0.8479597563905471,4.796656839328382,1.7787956106932399,0.20451812744356737,0.3164758418555664,0.4176400454017868,0.5175830458667977,4.906890595608519,4.740223928941853
-0.9614121113542617,-1.876554216559291,0.976013743634533,-0.14887717880015833,2.1313621826467153,0.8645021783609801,1.502047124944054,4.906890595608519,4.8735572622751855,0.6961786565555752,6.203351627510816,4.225167721361615,0.7673658096204321,1.2480796686094615,2.175941697601892,1.5442988021576707,4.906890595608519,4.829112817830741
0.19448634521068353,-2.0091521681285984,0.6549009968110503,-0.49031247586474436,2.781019174928743,5.290091612118114,1.6689412499378378,4.906890595608519,4.8735572622751855,1.902355896456659,4.710271893085178,3.6843462530273285,0.6024273462555197,2.154453272332848,11.274889076597926,1.3224774967861856,4.906890595608519,4.840223928941852
-0.7513589985640028,-1.4561075251367899,0.3929405980866302,0.7813660046358287,0.49963470805672294,0.5981459736354847,0.2915365727739514,4.906890595608519,4.736030109485389,0.8704445602699429,5.283905979805422,-0.025351006328169667,0.8475871755620148,0.33980519600474207,0.5632674436797482,0.9147488116747897,4.890223928941852,4.873557262275185
-1.0478850510834032,-1.2131958707643642,0.20703321834671906,0.5717864119101991,0.8200107154191372,0.5267472616495554,0.8048944509193877,4.906890595608519,4.836030109485389,2.020752790064038,5.367806144846471,-0.48589428795658574,0.15390176099651767,1.9643861611715785,1.2513440732539343,2.1632858733371467,4.906890595608519,4.840223928941852
-0.3955364573651847,-0.9445473666794466,0.4098412689720766,0.5267469084602667,0.20274794129111484,0.38356195160867773,0.5513843876376908,4.906890595608519,4.773557262275186,0.39559357060154,5.083036500502837,-0.8703845506004928,-0.5786070810056151,1.0963385550943336,1.2917684283702222,0.6570135806717312,4.906890595608519,4.824918998374278
0.1356626708819504,-0.26006605574407743,1.284450987293931,0.6154451771279243,0.17068954252672963,0.7366901598821571,0.28519882119190904,4.906890595608519,4.705420248350239,1.3182528742922164,5.941996212219026,1.6182392372814987,0.2888970737242544,0.5914680588749328,0.7924091164936349,0.6253248227615191,4.906890595608519,4.8735572622751855
-0.10624858915846724,-0.6673905279694579,0.5577221392197332,0.8610026281425986,0.45349668426679246,0.463960163612129,0.570397642383818,4.873557262275185,4.7068905956085185,1.7006729590250613,6.288055824757727,2.1463852024517003,-0.18731736598142934,0.22583956924883888,0.2464760504388921,0.6168744873187957,4.790223928941852,4.501924745666401
-0.2962539442444032,-0.530871157183702,0.31266241138075956,0.6297462499815816,0.8333271629761816,1.330787864913154,0.8682719667398119,4.906890595608519,4.780474553929833,0.841836358277471,7.159372236720853,1.208397968309422,0.41108498294414203,0.7567793052204285,0.901229505665718,1.470358367033842,4.906890595608519,4.784668373386297
-0.6887028492610887,1.3654499120046963,1.2590999809657613,0.15731974200637094,1.0284440890885143,2.8173124670183656,1.0753051850865312,4.906890595608519,4.758252331707611,0.15689269765181812,5.602201753578968,0.8492587119936846,-0.5215267498064341,1.435325078366629,3.4232931882239894,1.8801996360059188,4.906890595608519,4.880474553929833
-0.6313838850026339,0.5974422374055539,0.5534969714983716,0.5195452552371252,0.4174068527411392,2.5925417717505947,1.2263549311252089,4.906890595608519,4.813807887263167,-0.07084951339244827,3.968873316686774,0.7520798544023675,0.4460391851359807,0.472924075160317,1.2434690048186388,1.77879561069324,4.873557262275185,4.802696776152055
-0.8333718446025635,-1.0727494584429371,0.5534969714983715,-0.22107282692046082,0.5765083755456635,0.39163226347011043,0.3020994920773554,4.906890595608519,4.738753581683572,0.29088798625839135,4.444214199773205,1.8041466170214093,-0.47084609762101126,0.3612008140452488,1.2043446638745898,1.7344313496189427,4.873557262275185,4.795779484497407
-1.5688879183006406,-1.1441031765835312,0.42251677213616157,0.4464200281708234,0.6773680826435795,1.4197546517432924,0.6929275063033049,4.906890595608519,4.7804745539298334,0.1607871711638757,5.108372713830462,2.3111667435848036,-0.4764549554847853,0.7579744262802814,2.0893905540508526,1.9583652388511088,4.906890595608519,4.824918998374278
-1.551240927968312,1.1913742491048622,0.11830469619812523,-0.15014475967351307,0.2937572851167265,1.1739697878255941,0.9147488116747896,4.906890595608519,4.813807887263167,0.4851983085181333,4.637061992538339,2.1463852024517003,0.2945247085716494,0.19010246964426886,0.2942905737082593,0.2513974794210162,4.873557262275185,4.6651696233622575
-1.1589584587561212,0.5216733123663304,0.2619603987244201,-0.9169748673579097,1.095561516465211,0.6837234944042934,0.8154573702227916,4.906890595608519,4.851335040052963,0.7447913194177516,4.999546146366578,2.9449419017890457,0.3154388708313211,0.5864794410046125,1.5624487125033095,1.5717623923465205,4.906890595608519,4.758252331707611
-0.042292672016119415,0.36000043330182896,1.5168352119688198,-0.7250701804081213,0.383975653802648,1.0911966581073893,0.9823514952165754,4.906890595608519,4.7915856650409445,0.7920532690298564,6.832799482009551,2.7294583479996035,0.17496722666221023,0.30773716938775497,0.1447635523498354,0.4415300268822886,4.873557262275185,4.720725178917814
-0.21341930182650914,0.7224160311850907,0.7816560284518987,-0.33544121859405845,0.4430648097235341,1.696680497227483,1.2886761550152928,4.906890595608519,4.836030109485389,0.7234994694243475,4.72455244840684,1.1788217942598906,-0.43840498806365624,0.3386190090591279,0.6126848867370032,1.9266764809408965,4.873557262275185,4.818001706719629
-0.776550587880747,1.2420672940332027,1.271775484129846,-0.1377975239172594,0.7851562838446364,2.8758449625036655,0.9654508243311289,4.906890595608519,4.862446151164074,0.4117207215716492,4.466820765255084,0.185907379739911,0.26202144893025997,0.21157643592499947,0.34277553447418496,0.4922320395386282,4.906890595608519,4.7915856650409445
-0.5149088760663796,2.2748409461690695,1.6604909144951145,0.633440830744861,0.3837948440553438,0.30490898838329106,0.21337096992876148,4.906890595608519,4.679004206671553,0.6740962802437681,4.690018940459706,0.45209294618569285,-0.5492819648045539,0.16029461356389407,0.28897488391265647,0.5302585490308827,4.794309137239127,4.626172123314181
0.7947592384627917,3.4974966665033516,1.8463982942350259,0.8098548116416665,0.8911267678145931,0.8378089417154961,0.30209949207735565,4.873557262275185,4.71800170671963,0.28638087758825187,4.702988231740013,0.23660939239625045,0.2498166777668327,0.5003026792839014,0.3547785809143402,1.2781132357118885,4.906890595608519,4.798502956695591
0.22484962807532405,1.608624758980663,1.546411386018351,-0.9255889024838572,0.7673870039018653,2.043160339998713,0.45843069776773526,4.906890595608519,4.7804745539298334,0.2999965882788184,4.041698447217445,0.3168875791021211,-0.0948312927201177,0.3624215631555599,0.415261456293178,0.8386957926902806,4.890223928941852,4.772086915016905
-0.3507203549254463,0.9126290964714314,0.8154573702227916,-0.8744837758787464,0.28751111831595866,0.7388341065687597,0.5703976423838181,4.62051952913685,4.485366690158923,0.25346529972257914,4.122446938649475,0.3253379145448444,0.635053287975423,0.31704303454012084,0.27961405126552075,0.6612387483930927,4.873557262275185,4.791585665040944
-0.18269577747730636,-0.042765957461724124,0.7563050221237291,0.5876130277370529,0.5004119051152203,0.4374253192074153,0.1563312056903798,4.906890595608519,4.585366690158923,0.5759100744699931,3.983868070270814,0.4098412689720766,0.1342314978211418,0.3361896368673919,0.49588608705608284,0.3570266724550565,4.906890595608519,4.7471412205965
0.005967527357237046,-0.2892951695727907,0.1985828829039959,-0.41184507564223993,0.21572413024189663,0.3106993175433716,0.29153657277395145,4.873557262275185,4.645670873338219,0.35516229275524014,3.6632213328857945,0.09295368986995553,0.46965448615955263,0.16389060275736184,0.3738162669456311,0.3591392563157373,4.890223928941852,4.672086915016905
-0.1376672027844652,-0.1930200423535207,0.050702012656339335,-0.05697111155821785,0.3437997796288106,0.31607362281032203,0.43307969143956554,4.773557262275185,4.611782731837609,0.27858101847114985,3.4042026685191793,-0.12675503164084845,0.6049469546313313,0.19346579660871344,0.09297561690965561,0.23449680853556965,4.840223928941851,4.594309137239128
-0.355427402156244,-0.870639538518221,-0.06337751582042428,-0.025038795289502733,0.2106923032195982,0.30789387239269084,0.21337096992876156,4.906890595608519,4.656781984449331,0.6170288364050913,3.5164069748940827,0.3971657658079918,0.5293526350596154,0.22245944584179986,0.21852193919746865,0.41406643669343834,4.890223928941852,4.731836290028925
-0.8096756772412004,-0.9814630560686182,0.5450466360556484,-0.17901516204004272,0.42064608793516944,0.5127672481434737,0.5725102262444988,4.806890595608518,4.6651696233622575,0.831626909962306,4.307065928261681,1.1492456202103594,0.7811716323669854,0.22868616290279448,0.20923105296175404,0.3485763370123333,4.873557262275185,4.75825233170761
-0.469536305089449,-1.181212434152696,0.7647553575664523,0.2367488874292315,0.38222329484924034,0.18091643095064128,0.25773523100305845,4.873557262275185,4.731836290028925,0.7589661743654726,4.175744146852045,0.933762066420917,0.8212556402664695,0.16762287708508145,0.2869013580486386,0.44786777846433123,4.823557262275185,4.724918998374276
-0.5394948786252356,0.42632319030715715,0.29576174049531306,0.6271063508020913,0.1499084153401964,0.21646399456464693,0.22604647309284648,4.873557262275185,4.604865440182961,0.6914865339327687,4.143400845643474,1.2760006518512077,0.7551053545530144,0.1931238978674376,0.14171216046573054,0.2936491566346322,4.77764247057246,4.65678198444933
-0.8160391814486081,0.0771811940570819,0.43096710757888473,-0.5918453545689301,0.13656250255282565,0.41323994729702374,0.12675503164084845,4.873557262275185,4.507588912381145,0.528399652296895,4.392539115675863,1.4534576961483956,-0.36541505242417394,0.13717705120064805,0.1380398627097268,0.2556226471423777,4.773557262275185,4.594309137239128
-0.6968228736976871,-0.19429593521422628,0.12252986391948684,0.6068516180501042,0.2441473407126189,0.8510119439509386,0.3739273433405029,4.906890595608519,4.691585665040944,0.5569237464123256,4.384743862517405,1.4788087024765653,0.5834883468704742,0.13836656889195995,0.23445146876719591,0.4732187847925009,4.873557262275185,4.720725178917814
-0.6575860805433562,-0.09121727068552044,0.5070201265633938,0.1360406305964725,0.1173917606965138,0.12478592031827751,0.3168875791021212,4.873557262275185,4.588644970524384,0.704491322409534,4.7017452829303625,1.8632989651204723,0.44326529332420006,0.11217801879809362,0.14192305612719025,0.13520536708357167,4.3735572622751855,4.15531163719105
-0.7772797905516136,-0.25288010334273525,0.5534969714983715,0.8085408235025738,0.3168247771201287,0.15455079243266945,0.08872852214859389,4.906890595608519,4.500815129331848,0.7697779178835487,5.024897244578406,2.5266502973742457,-0.40502414523665686,0.1418565826817417,0.4622927986721832,0.7309540157955594,4.7068905956085185,4.507588912381145
-0.6153610516552286,-1.2772895173847318,0.5281459651702018,0.941044443878834,0.5187069875183012,1.1757341832298533,0.26829815030646265,4.856890595608518,4.690115317782663,0.6358199042286246,5.406089926876675,3.122398946086234,-0.42620008900407136,0.32915746694733267,0.46193356781763883,0.3316756661268867,4.794309137239127,4.585921498326199
-1.7909907864815795,1.3071224026235553,0.10140402531267878,0.7181731293018434,1.1375960809175947,2.0902411380931536,0.4689936170711394,4.906890595608519,4.674255579047812,0.2750983647418638,5.627352240231945,2.1210341961235306,0.2230741777288338,0.4248417588815472,1.2161232977297125,1.265437732547804,4.906890595608519,4.802696776152056
0.2137476927874391,1.0150853613310955,0.9379872341422786,-0.5765695703902692,1.7612925596908822,2.1845034142251905,0.8471461281330038,4.906890595608519,4.765169623362258,-0.023487261791905967,4.7781632360537145,0.8577090474364079,0.0695681360328937,0.5689974548876235,1.0907031930632316,2.06610701574583,4.906890595608519,4.851335040052963
-1.0489584588552403,3.3619930098858033,1.5210603796901814,0.6431664677043922,0.28338683858345926,1.4895372290266702,0.4605432816284161,4.906890595608519,4.776280734473369,0.20740692007311012,5.036839451017423,1.5971133986746906,0.17427794838248636,0.2786874730967457,0.6271816842814646,0.8724971344611735,4.906890595608519,4.765169623362258
-0.8699483785248248,2.426826375919152,0.8070070347800684,0.8390045572249558,0.6589188059735784,1.1109276851921084,0.6591261645324119,4.906890595608519,4.78739184558448,0.40050251515107266,7.2573154597503695,3.206902300513466,-0.7838860308476129,0.20576842092293157,0.6262160205354586,0.5492718037770101,4.856890595608518,4.69375432907185
-0.31370325292074774,2.1916715927169097,0.714053344910113,0.08578697089125835,0.42499199749978667,0.9459602885700594,0.41406643669343823,4.906890595608519,4.716531359461349,-0.028120737107241944,6.521468393470989,1.9055506423340884,0.20209424445478655,0.6437117291326867,0.8155870829118257,1.928789064801577,4.906890595608519,4.813807887263167
0.420385446071613,2.4802264872038218,-0.004225167721361611,-0.17783848322576495,0.23053165800797792,0.8935626399017775,0.5344837167522444,4.906890595608519,4.829112817830741,0.34260753671573135,7.238600106758389,1.0140402531267876,0.8015014986434369,0.5161149616553131,2.147250317510682,2.216100469854167,4.906890595608519,4.840223928941852
-0.1949258447968516,2.1989991375703855,0.659126164532412,-0.5121426257656198,0.5096024237984986,0.7765715307057568,0.7605301898450906,4.906890595608519,4.7915856650409445,0.8502558901816262,6.924628600883256,2.7928358638200272,0.27229748585751984,0.23688218094464103,1.6002986886879986,0.4732187847925008,4.794309137239127,4.644200526079938
-0.16972605588659295,1.6564768027610421,-0.09717885759131706,-0.40311714193754405,0.45923384951431556,0.5171329114590881,0.7098281771887516,4.906890595608519,4.701226428893776,0.21293820558151602,6.958189612111043,-0.43096710757888473,0.6945404908808934,0.45016589985351646,0.5597337008936969,1.6668286660771572,4.906890595608519,4.8735572622751855
0.16858383600838955,-0.2324544031612693,0.8112322025014302,0.5848036822622344,0.6915666407361973,0.5845781640781947,0.42040418827548076,4.906890595608519,4.649864692794683,0.7867532156160615,5.279754299923175,1.6816167531019226,-0.9060798940108828,1.8941668764159572,1.2177047752878147,2.701994757810753,4.906890595608519,4.862446151164074
-0.4792084370181535,-0.2001128316802916,0.7816560284518987,0.2396376744430842,0.32965880316984464,0.4345859169065036,0.40350351739003426,4.806890595608518,4.554756829023773,0.6924189197810644,4.839566226448168,0.7436295189596442,-0.33309911585505236,0.4316300739369525,0.9184652023627757,1.8062592008820906,4.873557262275185,4.8513350400529625
0.17751866449264897,-0.002205259815530214,0.8323580411082381,-0.4931073758787817,0.25640475539376073,0.23007590083449792,0.3253379145448443,4.873557262275185,4.736030109485388,0.7088948991566864,4.440215186842928,-0.06760268354178584,0.7564210054087402,0.4627994984194487,0.4315609530744404,1.6435902436096683,4.906890595608519,4.806890595608519
-0.26354360742271155,-0.6457663843992938,0.38449026264390707,-0.27635607402155504,1.0202723406561476,1.2451281531338272,0.6506758290896888,4.906890595608519,4.806890595608519,0.6939718747278669,5.413119340472484,1.6604909144951145,-0.62789378295635,1.305014860832561,0.9627723365676126,0.9126362278141088,4.906890595608519,4.8471412205965
0.17535417120271157,0.2880523740423687,0.9802389113558947,-0.8218126324701034,1.0773886608129812,2.6302476199146527,0.5598347230804139,4.906890595608519,4.813807887263167,0.3062266978979347,5.48636261113753,2.2858157372566335,-0.015291036296907963,0.2912231362089497,1.7417887043425164,1.852736045817068,4.906890595608519,4.862446151164074
-0.3725857010982505,-0.539652938532862,0.845033544272323,-0.8186589966555224,0.4016422956894994,0.5061247150764798,0.23238422467488867,4.873557262275185,4.6234486511159965,0.5379284546674488,5.108604207516466,2.788610696098666,0.9328855176679588,0.5555922167541699,0.7452237896520795,1.4069808512134179,4.906890595608519,4.802696776152056
-1.2886831464572328,-0.9294994362029776,0.6506758290896886,0.8055593584187931,0.4439010003812922,0.2750844114819824,0.28942398891327076,4.873557262275185,4.649864692794683,1.0239517632462187,5.47530880104942,3.578717059993288,0.7803211260740737,0.2637189985726044,0.47135197524935046,0.7774308607305371,4.873557262275185,4.773557262275185
-0.9925916175052105,-1.2586377738776557,0.6168744873187957,0.4420431105525109,0.4550545449575334,0.4187651829239743,0.2344968085355698,4.906890595608519,4.71653135946135,0.6711801325886161,5.590123617877341,3.130849281528957,0.7039312954767522,0.33829404777677086,0.31424533240123553,0.5534969714983715,4.906890595608519,4.736030109485388
-1.2653828069517186,-1.4944261231936777,0.8619342151577696,-0.21383779857123097,0.04329734467817836,0.21919278882510668,0.11619211233744436,4.740223928941852,4.383109068177997,0.679734440267193,5.192651109980993,2.9956439144453855,-0.034206164469467164,0.17047903138445514,0.2599899079585839,0.1415431186656142,4.790223928941852,4.540367437547202
-1.2857391438657872,-1.4421050989297188,0.7943315316159837,0.29461203588908086,0.07908768577902592,0.2584566278015272,0.10774177689472114,4.773557262275185,4.392838789980847,0.7265702500486804,5.4712496025640664,3.168875791021211,0.6475613837235185,0.13748245291382755,0.10070851373925249,0.31688757910212106,4.840223928941851,4.488090162357107
-1.520955979031441,-1.2980064668267066,0.7056030094673896,0.2702557780913646,0.21417010738879982,0.1076089652676625,0.08027818670587089,4.694309137239127,4.315759328975696,0.47943094431235406,5.606644741204736,2.9829684112813,0.681700740777088,0.18773162499358204,0.19919601789946695,0.3020994920773554,4.756890595608518,4.484811881991646
-1.280356735512194,-1.1167751320946588,-0.076053018984509,0.7082108881945647,0.5240290574182609,0.6666044824445226,0.4013909335293534,4.873557262275185,4.704865440182962,0.3137719715075665,5.407799350832397,2.750584186606411,0.31386120769537534,0.21013952041272044,0.8557161890763494,1.3161397452041432,4.906890595608519,4.712337540004887
-0.8199986703648605,1.0814554118231845,0.23238422467488884,-0.8208612059027883,0.5100084863018708,1.2373106228825672,1.0034773338233836,4.906890595608519,4.81800170671963,0.5697896070661593,5.8769883275767185,3.587167395436011,0.7476416170702377,0.4558854553440779,0.3253682832203326,0.3422385854302905,4.856890595608519,4.742947401140036
-0.9011257031556599,0.7190409323406896,-0.5112452942847554,0.20836817880780725,0.36395537059669536,0.6555543519505312,0.8534838797150464,4.906890595608519,4.805420248350239,0.9026234148909444,5.650568904702459,3.3294321644329528,0.7558503650147099,0.22021430752682614,0.4513319462394292,0.3337882499875675,4.906890595608519,4.760975803905795
-1.4083318524332888,0.5605742170068404,-0.3295630822662059,-0.4437120478021517,0.6836022291960633,0.8550308263221444,0.8872852214859391,4.906890595608519,4.813807887263167,1.038990335578187,5.379505462739805,3.2914056549406983,0.6927853033507685,0.2559306831028552,0.12043666493935667,0.20703321834671917,4.890223928941852,4.61653135946135
-1.8637080145190437,1.2869214345052158,-1.0393912594549573,0.4469565199343645,0.472245970235579,1.6303101671049223,0.5218082135881593,4.906890595608519,4.829112817830741,1.3800579895936729,5.8535450874672925,3.168875791021211,-0.6105440113365984,0.9483500947915311,1.3151779957972156,1.5041597088047352,4.906890595608519,4.836030109485389
-1.5353637645900973,1.6745068034077089,0.7985566993373452,-0.05808894655838252,0.9787931439691475,1.493959804531657,1.7682326913898359,4.906890595608519,4.754058512251147,1.0790521322923001,6.257164826686179,-0.06337751582042428,-0.36271743522921174,0.2726944149506534,0.5398928854716503,2.3069415758634415,4.906890595608519,4.840223928941852
-1.960377757370124,2.1329212892250298,0.4647684493497776,0.4639850135593995,0.11818357861975559,0.2146384675719187,0.2640729825851009,4.906890595608519,4.712337540004886,0.4770790240426027,5.694912821569377,-0.5577221392197331,0.8958675271535143,0.18352651552290572,1.3681433692291418,0.5725102262444989,4.873557262275185,4.762446151164074
-1.9535125282514014,1.9607127592365876,0.3633644240370989,0.6881801342889328,0.08224704813726857,0.13589097744357115,0.1880199636005918,4.873557262275185,4.599201273468218,-0.04835025252831507,3.544670443707781,-1.7449942689223472,0.05151955694039182,0.27875399871545814,0.5918241123995385,0.45631811390705446,4.873557262275185,4.780474553929833
-1.6662771430246917,1.4585117828281358,0.08450335442723222,0.8904575060567178,0.8324706624426572,0.9830964946912076,0.8724971344611734,4.906890595608519,4.802696776152056,0.613036667549215,1.736505322426218,-1.6647160822164764,0.9925989003629687,2.189906929379978,1.9503997990142627,2.273140234092549,4.906890595608519,4.884668373386297
-1.378005283846791,1.5667212057427564,0.6337751582042422,0.4210329403269031,0.29659266745422075,0.44695083035536154,0.5894108971299453,4.906890595608519,4.840223928941852,3.4025113974691723,-0.004049857952413222,-0.23660939239625048,0.5000627595483864,0.5028944294107152,0.9735523399041204,2.7791040687256023,4.906890595608519,4.895779484497408
-1.2326529942256013,1.3820622726158267,-0.3929405980866302,0.5678412275190511,0.22819372428321305,0.5449961396403311,0.5196956297274787,4.906890595608519,4.720725178917814,2.0398667870321523,2.677754878530191,-1.0436164271763189,0.6233820548915208,1.0798929967992148,3.9689717045833013,3.350558003039761,4.906890595608519,4.884668373386297
-0.28035232436227187,0.42470666783091116,0.6760268354178585,-0.36776981514833124,0.7700492063163367,0.989310382911267,0.690814922442624,4.906890595608519,4.760975803905795,1.4471200073183617,5.87089298866203,2.4505972783897367,0.06228006751731913,0.29863743956188665,0.37330857680910334,0.8302454572475574,4.873557262275185,4.784668373386296
-0.5809957320734016,0.8406633448260845,-0.6506758290896887,-0.6088534283201349,0.5514398712901856,1.2334217346378726,1.121782030021509,4.906890595608519,4.829112817830741,1.1538023583512178,6.10458487749856,2.404120433454759,-0.5664119943696723,0.427519872191322,0.5289668744099294,0.9781263274952139,4.873557262275185,4.765169623362257
-1.854280255974162,1.7333327557997813,0.7732056930091755,0.8658803440274194,0.12348447676400176,0.3684498331110838,0.32745049840552526,4.840223928941851,4.612337540004885,1.6143198694157461,6.444592084023463,2.7590345220491344,0.9721555892256858,0.4152309654211989,0.12824903479890004,0.361251840176418,4.856890595608518,4.676280734473369
-1.2924503629644555,1.5481780173923243,-0.11830469619812523,-0.33051571270757585,0.2540397512800987,0.5778745406855315,0.3316756661268869,4.906890595608519,4.690115317782665,1.4905454211595834,6.018227562048823,2.2266633891575713,0.7096064556448518,0.27336817802510605,0.339796452535821,0.428854523718204,4.873557262275185,4.611782731837608
-1.5556344138914253,-0.5332325992290148,-0.5239207974488403,0.951266880635761,0.4733231045093018,1.7249052018190374,0.41406643669343823,4.806890595608518,4.627642470572461,1.541061472502506,6.245002285432632,2.628054322686925,-0.005599465383008934,0.27774387262086286,0.32101500914017844,0.5027949588420322,4.794309137239127,4.468358945777699
-1.433967193951338,-1.3334750910939999,0.21125838606808078,0.9161732258654608,0.23157697364088725,0.23528558132373556,0.31900016296280187,4.806890595608518,4.61653135946135,1.4106522499743226,6.139078803115455,2.370319091683866,0.6082874165525726,0.26984320176396376,0.3307529903364905,0.26618556644578173,4.833933199757156,4.5053312904002185
-1.4630588857280342,-1.9262480325327214,0.30843724365939784,0.6932388424698781,0.17331828910429725,0.35435670349630677,0.34012600156961,4.840223928941851,4.713807887263166,1.5985470894071399,6.008326476733574,2.104133525238084,0.24124219705978744,0.3259645504957591,0.16399618747067768,0.22182130537148476,4.906890595608519,4.660975803905794
-1.3637424474967867,-2.0321185497564533,0.33378824998756756,-0.8746471381795607,0.6697524644611872,1.0203166477644574,0.4711062009318201,4.840223928941851,4.678449398504275,1.5716507457827342,5.90215186346802,2.129484531566254,0.5418796265828876,0.17312791293476315,0.2063304584241834,0.19013254746127262,4.856890595608518,4.645670873338219
-1.725460978938429,-1.1675251521786216,0.7182785126314745,-0.9394973639951034,0.23987141438036907,0.27540590674593424,0.384490262643907,4.806890595608518,4.672086915016905,1.2997802362779658,5.7125968126835405,1.318252329064824,-0.13587101063129217,0.9775792427763277,0.8896491870582701,1.8590737973991105,4.906890595608519,4.840223928941852
-1.5755562870970437,0.01615957564542822,-0.9886892467986177,-0.12524791182732253,0.45743751918418507,0.7911518052238959,1.183046961981252,4.906890595608519,4.795779484497408,1.020350782675361,5.1930064730156404,0.4520929461856928,-0.011476253318001763,0.6372152954578567,0.33874833787042835,0.6718016676964969,4.906890595608519,4.7915856650409445
-2.0161644850539693,0.01846689316829253,0.3689979809989148,-0.0836333206822081,0.8464190753897523,0.6911863182088331,1.3879675964672908,4.906890595608519,4.829112817830741,1.3228893636041352,5.02701515506186,0.8281328733868776,0.4887242355655765,0.12382611417450617,0.2772431088480807,0.4774439525138625,4.873557262275185,4.754058512251147
0.1133310764593416,-0.06819245421396533,0.6549009968110504,-0.6511318173142334,0.9854090004855127,2.0927473070211735,0.6950400901639857,4.906890595608519,4.7804745539298334,0.6577102470348982,5.7627668556640375,1.3436033353929937,-0.3427195898769619,0.6766627351862912,1.2643167769559884,1.6203518211421795,4.906890595608519,4.862446151164074
0.04391101002655873,1.2906874265298383,0.714053344910113,-0.35545740885261307,0.45111497535161416,0.5139781740973157,0.6802520031392201,4.906890595608519,4.840223928941852,0.07165483228647102,4.176388413630146,-0.22815905695352723,0.46227615278168804,0.42476266354849634,0.5938478114156804,0.6105367357367533,4.873557262275185,4.773557262275185
0.6186888769560177,0.4119050282512027,0.9168613955354705,-0.36421428860992,0.21534452004463933,0.3341811576937692,0.35702667245505654,4.906890595608519,4.749864692794683,0.14398276774243712,4.467593605030478,0.845033544272323,0.08776480636321325,0.24875078474432333,0.7984389756444905,1.3076894097614198,4.906890595608519,4.756781984449331
0.6711830805835377,-0.16116896158611183,0.638000325925604,-0.07503026120280117,0.15676877973947967,0.8353179671152907,0.44153002688228876,4.82764247057246,4.670616567758625,0.6226764949683885,4.394561609780029,0.954887905027725,0.8678559412520537,0.11864457968037015,0.5779388759733335,0.8872852214859392,4.873557262275185,4.813807887263166
0.20722442648491768,-1.39448212167577,0.24083456011761212,0.4588449896420259,0.3304978457557186,0.30684602866048644,0.504907542702713,4.906890595608519,4.709614067806703,1.1116261271447874,3.7980043692780843,0.24928489556033528,0.644536175466223,0.4126836609838599,0.7199098368802785,0.7182785126314746,4.906890595608519,4.78739184558448
-1.135352315942412,-2.409713731737777,0.9971395822413411,0.4666941967285408,0.41693590818024706,0.31081551378732697,0.2830862373312282,4.906890595608519,4.769363442818722,0.9364688313123933,4.55647427340199,0.8915103892073009,-0.16391635797304654,0.26622394061055954,0.8437502106817005,0.857709047436408,4.906890595608519,4.813807887263167
-1.276951298075919,-2.400131686645456,0.7309540157955593,-0.30086388091569244,0.12966359598330213,0.19681646289283217,0.11407952847676373,4.873557262275185,4.530365942770644,0.9618642380238763,4.356840086248706,0.7182785126314746,0.6641198898584236,0.49458347924523416,0.3261129400568452,0.999252166102022,4.890223928941852,4.75825233170761
-1.428199701496656,-2.10366822705058,0.6506758290896888,-0.5450552913607124,0.10967828014974224,0.18395523869526953,0.21337096992876153,4.873557262275185,4.5853666901589225,0.7095276588364549,6.111912413774867,3.037895591659001,0.10789226310141142,0.4127797409283566,2.1879590342464725,2.6872066707859874,4.890223928941852,4.78739184558448
-1.3841121029803345,-2.2162705076003464,0.54927180377701,0.30509760038560174,0.13311817717829078,0.13670491031727605,0.19224513132195353,4.806890595608518,4.549309884627405,0.2703489036241176,7.17531809773979,3.8364522909963465,-0.029405571750028888,0.18372995491463662,0.19547214154106962,0.15421862182969903,4.890223928941852,4.596477801270034
-1.2924341577852494,-2.234875433475168,0.3126624113807595,-0.7369867715796623,0.07661844663008832,0.11944434519525615,0.24505972783897362,4.840223928941851,4.594309137239128,0.2463059891710503,6.9382123653958345,3.6082932340428195,0.6890758836381206,0.21967506570186549,0.2710473513666245,0.38026509492254545,4.890223928941852,4.65678198444933
-1.4410935160769567,-1.8727594131820302,0.11407952847676361,-0.2225926501905596,0.36923296096917446,0.8502447105527893,0.41406643669343823,4.906890595608519,4.694309137239127,0.32205702568620276,6.0700210658696685,2.9914187467240234,0.28517828072389356,0.24159424039853994,1.3944050269413801,1.4661331993124809,4.906890595608519,4.7804745539298334
0.022256314403663602,1.625820782265587,0.8154573702227916,-0.7911473255979502,0.3359879309213274,1.2475756050622624,0.6337751582042422,4.906890595608519,4.747141220596499,0.20847641338509315,5.053909223847104,2.4083456011761206,-0.8448090334598578,0.6901967733404727,0.33592680579336953,0.9422124018636401,4.906890595608519,4.698502956695592
0.5710322818985718,0.27409634331905885,0.954887905027725,-0.5801560459784831,0.38101171406064704,1.9382472494014873,0.8302454572475573,4.873557262275185,4.802696776152055,0.4867116883153639,5.080715893528933,2.104133525238084,-0.5520632039960555,0.40438790181002743,0.6770672235454391,0.9696759920524906,4.906890595608519,4.81800170671963
-0.5868051118056439,-0.5764095655580717,0.6971526740246664,0.7102897718050828,0.378584908936213,0.20650830150287414,0.3232253306841636,4.873557262275185,4.638753581683572,0.9175690148239734,5.011533712731211,1.8971003068913652,0.5801202449668793,0.445915568014958,0.37555109154425814,0.6950400901639856,4.906890595608519,4.840223928941852
0.7033929023074768,-1.7944054041445399,0.03380134177089289,0.7423207861089537,0.41863222306301173,0.5848669452109395,0.34435116929097165,4.906890595608519,4.734559762227109,0.8497231019840978,5.3071255410437175,2.0618818480244685,-0.11716082542909743,1.2214505419351183,0.5547022890300348,3.1012731074794253,4.906890595608519,4.758252331707611
0.6504722893271837,-2.087005325974948,-0.41829160441479996,-0.6989628423394108,0.5421453785477697,0.3379414397518026,0.44575519460365026,4.840223928941851,4.7276424705724605,-0.18351650438316036,5.438330749342862,0.21970872151080395,0.42889834335732047,1.5542875590191545,0.950976765493416,1.9647029904331512,4.906890595608519,4.8735572622751855
-0.04795120548606224,-2.3295533216188185,-0.29998690821667473,-0.9191080773707875,0.3132746532841768,0.1264596412873018,0.2006954667646767,4.873557262275185,4.669363442818721,1.3453258143766271,5.89042439366915,2.3998952657333974,-0.4843217633333592,0.4641133996289437,0.7957256976458136,0.44575519460365043,4.906890595608519,4.765169623362258
0.08502316070913629,-2.511436103921465,-0.04225167721361611,-0.9485712231948443,0.4413388600779027,0.26636952364131483,0.7351791835169209,4.783933199757156,4.599756081635494,1.5338162069856751,6.051499470128878,2.480173452439268,0.9372370959850425,0.21362591199670447,0.24353492951501643,0.504907542702713,4.823557262275185,4.724918998374276
0.06226284546864669,-2.499141315382447,-0.008450335442723222,-0.8915193888983424,0.21499771789993494,0.27945009884761207,0.625324822761519,4.906890595608519,4.701226428893776,1.3932037628841134,6.087007932687963,2.480173452439268,0.8511980663514905,0.12822654866699704,0.15539976643451325,0.3168875791021213,4.906890595608519,4.7276424705724605
0.19770531106106937,-2.3397814927709772,-0.06337751582042417,-0.8148061712165773,0.38919095524681957,0.2509612540930466,0.23449680853556965,4.790223928941852,4.5228938429487195,1.3215617479873905,5.937277172322605,2.150610370173062,0.2705247147634707,0.09939558261841437,0.25454067909049094,0.2492848955603354,4.823557262275185,4.627642470572461
0.045257227506929176,-2.298690622485502,0.20703321834671917,-0.790835302751787,0.7280601189320262,0.21938885165657396,1.0351660917335956,4.906890595608519,4.667338287393164,1.3099319242657594,6.053711303664572,2.4125707688974822,0.5618001825775324,0.1387816822658845,0.18371527054124215,0.3359008338482484,4.873557262275185,4.709614067806702
0.9637415111113157,-2.0327237619879766,0.09295368986995556,-0.7130787499007953,0.7307975633608432,0.4552224770859109,0.2830862373312282,4.906890595608519,4.65825233170761,1.405148128056665,5.900273588171913,1.930901648662258,0.5799070316149022,0.33421148445764587,0.4554573908248214,0.5387088844736059,4.873557262275185,4.7693634428187215
0.9744225615190403,-1.8135210954777783,0.22393388923216562,-0.3129878608935814,0.196397988698779,0.44542896762762985,0.6189870711794765,4.82764247057246,4.610312384579329,1.2903236785217804,5.946672992922567,2.108358692959446,0.8974618967433029,0.1278274418831417,0.16266771721765005,0.18801996360059192,4.873557262275185,4.59352186251648
0.4728382330820837,-2.405146260764191,-0.11830469619812523,-0.7552122906003843,0.22899879892224195,0.19337686505629703,0.2957617404953131,4.7068905956085185,4.558950648480237,1.3396870133174343,5.776876812646751,1.9055506423340884,0.47468385379248995,0.3149476110960375,0.14824995799919005,0.4013909335293533,4.856890595608518,4.769363442818721
0.47973386028469367,-2.6825094497979447,-0.3253379145448444,-0.1418241829695303,0.21146578343568523,0.23195288520610524,0.08027818670587078,4.873557262275185,4.454756829023774,1.6182439557136372,5.374000779889697,1.297126490458016,0.7729277638224683,0.3511854473187518,0.324102935642983,0.5196956297274786,4.873557262275185,4.731836290028925
1.198308108565398,-2.943215329738928,-0.3929405980866302,-0.3482546068960758,0.41729569913301323,0.2843775250103182,0.34857633701233315,4.906890595608519,4.758252331707611,1.202105266418429,5.45181131330288,1.3816298448852482,0.8444434219335107,0.3978245392781224,0.33172223703498593,0.9189739793961513,4.873557262275185,4.840223928941851
0.6859216931843282,-2.4734770134283472,-0.6084241518760726,-0.5948023079034759,0.2744483011566339,0.2935293761636739,0.20492063448603837,4.873557262275185,4.608143720548422,1.1138895493188545,5.816132834089091,1.6351399081669449,0.8828520662390898,0.19379723907514412,0.1704021553059416,0.27041073416714334,4.890223928941852,4.674810387215088
0.5388931675407029,-2.889175708627648,-0.14788087024765662,-0.6786767430744768,0.1640857682207848,0.16816433047299117,0.28942398891327076,4.840223928941851,4.594309137239128,1.6161581368261886,5.280779070871718,1.106993942996743,0.8383671147151087,0.34463583904920025,0.24659179094152295,0.5640598908017758,4.906890595608519,4.829112817830741
0.6880764051682213,-2.1610272020725496,-0.3126624113807595,-0.5546024372080403,0.8453218597310377,0.4098434306575922,0.41829160441479996,4.840223928941851,4.6873918455844805,1.405910092059382,5.620614843833733,1.744994268922347,0.9586610547480343,0.2710454955015273,0.16572260616877443,0.4415300268822887,4.856890595608518,4.795779484497407
0.9412133791643753,-1.9780623338081709,0.4351922753002463,-0.2658970710203233,0.09568786184089006,0.13689924235697393,0.6443380775076463,4.873557262275185,4.7276424705724605,1.3417636327243456,5.465345174791662,1.5633120569037975,0.6906443080384885,0.3106041975519125,0.22264767553308262,0.4182916044147999,4.873557262275185,4.720725178917814
0.5180859968177667,-2.085338014476854,0.08450335442723234,-0.8358814017790698,0.3112967756003475,0.22298161679147666,0.2175961376501231,4.806890595608518,4.585921498326199,1.1128619077932516,5.569859178537817,1.3140271613434624,0.8512340681259678,0.20646089587673136,0.24864613002113733,0.3359008338482485,4.806890595608518,4.65825233170761
0.5483853535173484,-2.0774400797346564,-0.31266241138075945,0.4719300915967415,0.07272545035446631,0.15950824454611967,0.2218213053714848,4.560975803905794,4.364952401043881,1.0694330810065729,5.765004891143322,1.4788087024765653,0.8678833974130453,0.17528835191623135,0.13139131826747752,0.2133709699287616,4.694309137239127,4.51506101220307
0.23464153484360706,-2.238074688069892,0.24928489556033528,0.6776646269568737,0.25900620523017137,0.10244254194929991,0.5408214683342868,4.840223928941851,4.698502956695591,1.3892684425433215,5.5883342642022,1.1661462910958058,0.6678724711440267,0.2914912810765843,0.29578613479701943,1.1154442784394665,4.906890595608519,4.813807887263167
0.20271857303210084,-2.220885097697406,0.2915365727739515,-0.7447822348524542,0.127586766085781,0.12151739236716308,0.31266241138075945,4.873557262275185,4.716531359461349,1.7178668524919285,5.276776480836596,2.3449680853556965,0.6122600500891869,0.6977920302522083,0.16704206575936675,1.1598085395137632,4.906890595608519,4.813807887263167
-0.10607161804368292,-2.218059049053416,0.7013778417460281,0.8877783699086705,0.5739979659188919,0.382282026682744,0.8175699540834724,4.840223928941851,4.680474553929832,1.4943213924608927,4.95910709700809,1.3098019936221008,0.855293969323387,0.6686029874875289,0.34602929415996986,1.6457028274703491,4.906890595608519,4.720725178917814
-0.6372299127296195,-2.5723372108469937,1.1703714588171674,0.9218709054544593,0.27090362697452663,0.315148741153626,0.2640729825851008,4.806890595608518,4.499201273468218,1.87008398057302,5.141139095357067,2.535100632816969,0.830373717173696,0.4251752937875577,0.42708741350238144,0.7499672705416868,4.906890595608519,4.7804745539298334
-0.2875292868336339,-2.2644144105190893,1.0436164271763189,0.5070163245450027,0.3074636150159127,0.27155066771810765,0.28942398891327076,4.906890595608519,4.7068905956085185,1.329592770917759,4.842603403180916,1.6604909144951148,-0.01931579916190316,0.5086793042624074,0.4936559626248189,1.2062853844487411,4.906890595608519,4.802696776152056
-0.8950438420595357,-2.4585847949413298,1.3351529999502705,0.7776923450074351,0.3306159323095459,0.26571883043952793,0.27041073416714334,4.873557262275185,4.525617315146904,1.4870014919726913,6.309343681103963,3.3336573321543144,0.7527276676608733,0.10508330408709388,0.6901330129486456,0.4373048591609272,4.890223928941852,4.784668373386296
-1.2463291247285286,-2.793139575826146,1.2464244778016764,0.9508955063019998,0.4310958852826938,0.3249550150379652,0.19224513132195337,4.906890595608519,4.585921498326201,1.497451588663981,5.641589169398384,3.084372436593979,0.7600392880845502,0.25610261011635516,0.42046497800367977,0.5851857294085838,4.890223928941852,4.765169623362258
-0.43571763035204647,-2.604960511686297,0.5196956297274785,0.9832017694927889,0.9275830261608049,0.3871835091960705,1.1154442784394665,4.906890595608519,4.78739184558448,1.553445147849494,5.3009462787929,2.349193253077058,0.11230024621273428,0.23441242251144234,0.35390957153739766,0.667576499975135,4.906890595608519,4.772086915016906
-1.5205638083515853,-2.323060629849615,1.4619080315911188,0.22959744074531085,0.28798511591565235,0.22266820298430656,0.2133709699287615,4.806890595608518,4.4075889123811445,1.6635673789361016,5.292382354051165,2.5646768068665002,0.7993650717090073,0.3345315291369927,0.2703138057869827,0.45631811390705446,4.823557262275185,4.491729173646293
-1.0570653910293277,-2.4012110121827814,1.1450204524889978,0.9742301130877213,0.9281612331676539,0.2632016800063688,0.4901194556779474,4.906890595608519,4.731836290028925,1.7376395663089603,5.702705417509289,2.9702929081172154,0.03570297362992739,0.19535077603904927,0.49031429936129545,0.8936229730679816,4.823557262275185,4.740223928941852
-0.8275522335027672,-2.539329398705795,0.8070070347800684,-0.7402302851132219,0.47258782038836467,0.29053904101516803,0.21759613765012334,4.873557262275185,4.6234486511159965,1.6055469646676284,5.964805342139955,3.282955319497975,0.6611231278751943,0.2626819243390899,0.7368562576777928,1.0964310236933388,4.823557262275186,4.7693634428187215
-0.7314125726088201,-2.516500320624344,0.7351791835169209,0.6041161999763397,0.6712931506763566,0.27998751849810133,0.22815905695352734,4.840223928941851,4.6150610122030695,1.686120117883791,5.757837465929432,2.906915392296791,0.14579373290877323,0.4700670292462623,0.7633219972542729,1.2274112230555492,4.823557262275185,4.754058512251146
0.2550017524260224,-2.666435093600125,0.54927180377701,0.4912701170024561,0.11640696053446975,0.25595199995513607,0.20914580220739995,4.906890595608519,4.6957794844974075,1.2339868638111642,5.2099973568353235,2.1506103701730623,0.8547762806939749,0.5054467306006474,0.6412628244886842,1.415431186656141,4.906890595608519,4.862446151164074
0.06298631594780879,-2.1179928101487375,0.43096710757888473,0.17708763118511495,0.4649107650324984,0.1755349283565667,0.6549009968110503,4.873557262275185,4.709614067806703,1.3664088019384377,5.15679483899568,2.2266633891575713,0.5222463989302168,0.18909902461072825,0.20955407512346325,0.26407298258510103,4.873557262275185,4.702696776152055
0.15722529332396773,-2.204312502713936,0.5450466360556483,-0.5761226687497466,0.08382572421369394,0.09622740515615558,0.08027818670587064,4.573557262275186,4.249775734844664,1.5748971497679312,5.2599822439832735,2.256239563207102,0.7556315406403478,0.20170422053051795,0.22431746922680462,0.27252331802782404,4.906890595608519,4.683198026128016
0.40627624316417066,-2.527678324656877,-0.13520536708357167,0.6946439085140904,0.17901274884188334,0.3676921122570258,0.8746097183218543,4.873557262275185,4.65825233170761,1.000480795463711,5.838145409161874,2.801286199262751,0.9229388636343857,0.45250259000690596,0.32292211123196424,0.3274504984055253,4.890223928941852,4.6873918455844805
-0.26479273948513704,-3.1998937125618276,0.329563082266206,-0.07837258702853786,0.26577891489042305,0.25657027314877334,0.5133578781454362,4.906890595608519,4.7804745539298334,1.5966668856421455,4.890316152387612,1.6097889018387754,0.8677970060109917,0.5239456241824508,0.4004919736157222,0.5429340521949677,4.906890595608519,4.6762807344733694
-0.2986498004115137,-3.1023224491781196,0.09717885759131717,0.479399356621083,0.13302729055004292,0.12671775115609107,0.1457682863869756,4.873557262275185,4.634004954059831,1.358078650043662,4.747225578564386,1.3436033353929935,0.8626972959574567,0.27920056432089735,0.2919135343959176,0.47744395251386257,4.873557262275185,4.716531359461349
0.5429234395478222,-2.7001181837023758,0.08450335442723234,-0.1666483592796453,0.5488163303167966,0.34543852293517596,0.39082801422594937,4.906890595608519,4.742947401140036,1.0448465920653411,5.1698820524033,1.7703452752505167,0.7556406565748627,0.33214124992254934,0.4654185978039407,0.9950269983806603,4.873557262275185,4.731836290028925
0.7301189389150622,-2.2860196400374213,-0.3591392563157373,-0.8980460109571472,0.6189979039148947,0.43718385348014477,0.25984781486373937,4.773557262275185,4.627642470572461,1.0824056102077253,5.239059237730134,2.159060705615785,0.5472949957427371,0.237359527956709,0.36631702514492837,0.7584176059844099,4.873557262275185,4.764614815194981
0.5175262811285302,-2.896273156446644,0.19858288290399595,-0.7067284181458346,0.6311039361440303,0.47171873419632093,0.7056030094673897,4.906890595608519,4.895779484497408,1.1192452258035441,5.323518982853759,2.129484531566254,0.9597778194042617,0.3856062731094054,0.41946029833113174,0.9760137436345331,4.873557262275185,4.802696776152055
0.17673684771894393,-2.6406683888102087,0.44364261074296957,-0.3754032124307349,0.8186134194222638,0.2518145309376929,1.1006561914147008,4.906890595608519,4.840223928941852,0.8674761314595911,5.426637351214303,2.4421469429470135,0.9470194381143607,0.6146462962249015,0.32632993730695103,0.5534969714983715,4.906890595608519,4.691585665040944
0.34835203778547275,-2.1261607662237525,-0.19013254746127262,-0.6511368508402408,0.9367747048462893,0.4033763532988558,1.2717754841298463,4.906890595608519,4.769363442818722,0.6710372197967878,5.423378064966416,2.628054322686925,0.9777383678792546,0.36695692689596043,0.44333163674558174,0.7499672705416867,4.906890595608519,4.78739184558448
-0.03477950849654832,-2.2128555570391426,0.899960724650024,-0.48294546104993014,1.2460502462679235,0.7394940243962905,1.3689543417211634,4.906890595608519,4.829112817830741,1.0225133132364086,5.304721124071578,2.7843855283773045,0.9841875938028677,0.7058990068197726,0.997465161323011,0.6337751582042424,4.906890595608519,4.738753581683572
-0.04939267521409807,-2.353969549267647,0.6549009968110504,-0.28320240916137884,2.6199553569677514,1.109804971688622,1.4978219572226927,4.906890595608519,4.862446151164074,1.5230392009497677,5.16135765104417,2.2351137246002946,0.9571465640312686,1.747324546983923,0.8706247622137391,0.6887023385819432,4.906890595608519,4.742947401140036
0.365212154898483,-2.448750409782628,0.016900670885446445,0.5320954201394708,0.2611890247858222,0.3072283604637469,0.27252331802782415,4.806890595608518,4.529811134603367,1.0319275268966233,5.589307116819683,2.3365177499129732,0.5068116149414422,0.42655277474985526,0.9773604114938221,1.1069939429967433,4.890223928941852,4.6234486511159965
0.01020328763524958,-2.3883845711285274,0.08027818670587061,-0.046609472929664685,0.49123895184287614,0.4220647831338422,0.2640729825851009,4.906890595608519,4.665169623362258,0.6758532654479186,5.885330514363778,2.8393127087550054,0.8175993671694155,0.5388275235856561,0.43649567360690833,0.5302585490308827,4.906890595608519,4.618700023492256
0.9883921457566771,-2.252559567904231,-0.10140402531267878,-0.8956264605331118,0.20024293293707185,0.1832942529562136,0.21125838606808078,4.906890595608519,4.652588164992867,0.9131032837107942,5.757971952548719,2.4590476138324595,0.9047556285484372,0.4907623112933092,0.7489611397262923,1.0351660917335956,4.906890595608519,4.754058512251147
0.38791911074951546,-2.7581906835427343,-0.02957617404953139,0.7725303295923482,0.6929350262940015,0.22359510447757325,0.22393388923216562,4.906890595608519,4.6234486511159965,1.5814554545245412,5.094097881335738,1.4830338701979269,0.6964008015798526,0.490031753895278,0.3594331657600036,0.35068892087301423,4.906890595608519,4.679004206671553
0.07828022768720411,-2.811045703618152,0.26618556644578173,0.3822871537526652,0.17634689280774474,0.17156012617730454,0.2344968085355696,4.906890595608519,4.55678198444933,1.4558349297484283,5.27439120524338,1.690067088544646,0.5618129619587033,0.2553718171203664,0.5366284733748814,0.6443380775076464,4.840223928941851,4.724918998374276
0.024253204916062643,-2.819287245477353,0.13943053480493328,-0.5188207478606494,0.12193932577006539,0.09940293922206944,0.21125838606808067,4.840223928941851,4.545116065170942,1.852547268175606,5.014828717355933,1.8463982942350257,0.8916183074570786,0.7030557523797396,0.34073693575835673,0.5323711328915637,4.906890595608519,4.795779484497407
0.08185128633346306,-2.6034253580734488,0.5070201265633938,0.8999065405707402,1.2850460476449688,0.16796812359286828,0.4668810332104586,4.906890595608519,4.683198026128016,1.4051899158035077,4.895719090357842,1.6351399081669449,0.8644194314353356,0.35336757135042973,0.3766937747988246,0.4816691202352242,4.906890595608519,4.762446151164074
-1.0999294477307697,-2.634966799086878,0.899960724650024,-0.6434388372260526,1.9529885411040278,0.731165487987838,1.6288021565849025,4.906890595608519,4.824918998374278,1.2017996209301844,5.514951104823648,2.5604516391451386,0.8583229823982532,1.0779122221692634,1.141131118941738,0.4605432816284163,4.906890595608519,4.7915856650409445
-1.1416518368202877,-2.6153944950978065,0.31266241138075956,-0.8399659601492088,0.723532530096602,0.8216036975412585,0.7225036803528362,4.906890595608519,4.851335040052963,0.8110214101263358,4.971721356822256,2.0027294999254055,-0.38650393552823975,0.7438329945083196,0.8510767410932489,1.4344444414022686,4.906890595608519,4.824918998374278
-0.29501820262917855,1.2109751361170984,0.1816822120185495,0.06225506064935073,0.5631330165451964,2.65356524732647,1.3520536708357165,4.906890595608519,4.840223928941852,0.8948605662157374,4.8206841913068335,0.9337620664209169,-0.06554710515968334,0.4781432396023957,1.0519782686209944,1.4006430996313752,4.906890595608519,4.8735572622751855
0.4643076839864424,-0.5436884708585097,0.02112583860680811,0.19291965095575636,0.5382789756656692,1.747091894780343,0.868271966739812,4.906890595608519,4.78739184558448,0.042075454285944724,4.297876882392622,0.8534838797150464,0.456149962624541,0.40842855124102695,0.6268114108288168,1.0224905885695108,4.890223928941852,4.762446151164074
0.6103380963123479,-0.5927399505619169,-0.08872852214859395,-0.4297305791287646,0.7222854671453511,1.4767554524097262,1.6309147404455837,4.906890595608519,4.8735572622751855,0.8611110031511482,6.788018960560142,3.206902300513466,0.21429160472967232,0.3964550321457535,1.1968013098838837,0.8788348860432162,4.906890595608519,4.772086915016906
-0.22560847627347336,-1.140841348961861,0.790106363894622,-0.18039401274424247,0.37888845371970836,0.48096573469639403,0.4098412689720767,4.906890595608519,4.709614067806703,1.4138756917690694,6.351014754183312,3.1942267973493808,-0.8680831558028488,0.3658810715495688,0.5092842299477458,0.2619603987244199,4.873557262275185,4.634559762227108
0.28199903025712514,-1.036797818190378,0.8365832088295998,-0.02918061849401481,0.1416914454934588,0.3073923090962645,0.3485763370123333,4.906890595608519,4.698502956695592,1.12391290999374,5.493868647604719,3.722372762519583,-0.40308611766468955,1.2808601427838786,0.7541956199784692,1.0436164271763186,4.906890595608519,4.829112817830741
0.0011120416084948737,-1.7434552311705693,1.0224905885695108,0.16477740193621543,0.13144285416210622,0.19750198917695727,0.2725233180278243,4.773557262275185,4.636030109485388,2.0524586254945576,5.331794120557974,3.4139355188601845,-0.5416616796481996,1.5432358754499682,0.4708358060857343,0.728841431934879,4.873557262275185,4.765169623362258
0.42514856432673254,-2.2131498628894026,0.06337751582042417,-0.07560046681872323,0.21441903062953704,0.2623453962383471,0.38237767878322615,4.873557262275185,4.6859214983262,1.3098577348557057,5.390675212733991,3.249153977727082,-0.014687819437633752,0.9506953890455914,0.3644310743290782,1.0436164271763189,4.906890595608519,4.802696776152056
0.38632772070777843,-2.1251404404262124,0.046476844934977724,-0.8065094958967249,0.19001391967257586,0.3861925597783604,0.4478677784643311,4.873557262275185,4.702696776152055,1.6319839133516951,5.510672567387813,3.337882499875676,0.274906611655683,1.1703841497606258,0.3937853163071674,0.6823645869999009,4.906890595608519,4.776280734473369
0.33894978397347364,-2.233093319913236,0.13943053480493328,0.3100192727046485,0.3906338095048927,0.36865133198638433,0.44998036232501204,4.906890595608519,4.742947401140036,2.1216135361371276,5.476467967896442,3.8998298068167707,-0.5070790622112838,1.0794303042266782,0.5624990181444423,0.8661593828791312,4.906890595608519,4.81800170671963
0.5927968037785432,-2.145494213042131,0.08450335442723234,0.37089142208025816,0.12071428212893709,0.1969449427505492,0.1753444604365071,4.906890595608519,4.660975803905794,1.3131927943380703,5.640797421151262,3.654770078977797,-0.5200314514485757,0.9045658439149538,0.3334182903931273,0.5598347230804139,4.906890595608519,4.742947401140036
0.41331067487809614,-2.184357277447365,-0.10140402531267878,0.6123078572410857,0.3734136715816221,0.3054364242044558,0.2556226471423777,4.873557262275185,4.694309137239127,1.2489550260665587,5.764053129230002,3.971657658079918,0.4876102236381247,0.6675356804163498,0.45586600819415146,0.6274374066221995,4.906890595608519,4.813807887263167
0.37004769300710594,-2.432106624737124,-0.10562919303404039,0.5310694919540673,0.3721692064200659,0.2205593579542635,0.41406643669343834,4.840223928941851,4.659505456647514,2.0162122426777063,5.351053400106517,3.9463066517517484,-0.2170437268417962,1.4281443084536085,0.39874847551812564,1.1281197816035513,4.906890595608519,4.7276424705724605
0.18449684309923597,-2.5159457484513554,-0.050702012656339335,-0.4730243567396197,0.31783671267569336,0.4708055687080749,0.49434462339930896,4.906890595608519,4.709614067806703,2.0939109336186856,5.2159284003390844,3.359008338482484,-0.6963729998207303,1.7197127371291854,0.3728912744924302,1.0541793464797227,4.906890595608519,4.840223928941852
0.4741776973378595,-2.522685954131292,-0.33801341770892923,0.2855344803544318,0.5452513293745014,0.3169504193203905,0.4394174430216079,4.906890595608519,4.769363442818722,1.984575453921047,5.409595690507885,3.6336442403709888,-0.7226750819601874,1.8029175798635961,0.4241433844395299,1.0246031724301912,4.906890595608519,4.829112817830741
-0.0303249990618637,-2.630612553478633,-0.08450335442723234,0.5690203513248306,0.2570755678600536,0.43863540680079494,0.855596463575727,4.906890595608519,4.858252331707611,2.3871647987178597,5.370290707985268,3.4730878669592475,-0.6800656980208346,1.9223447823494944,0.4746133869869267,1.373179509442525,4.906890595608519,4.836030109485389
0.30994550978629576,-2.315644674916335,-0.31266241138075956,0.6512723823490679,0.3083080180606501,0.28676374403454874,0.38237767878322626,4.840223928941851,4.698502956695591,1.2574340370181067,5.136731993090444,1.2717754841298463,-0.775885730497111,0.27495500161243347,0.4663661925767095,2.006954667646767,4.890223928941852,4.818001706719629
-0.10987587180565583,-2.4676519269439297,0.4858942879565856,-0.33111636516676396,0.802319764738392,0.6926997797693707,1.199947632866699,4.906890595608519,4.862446151164074,1.481627177555036,5.4268490706846935,2.319617079027527,0.07246095141701181,3.035259809821608,2.6548316819377176,2.207650134411444,4.906890595608519,4.840223928941852
-0.11439047228454857,-1.745481897548003,-0.07605301898450911,0.16033258750332977,0.6304192312561958,0.5890481061897923,0.669689083835816,4.906890595608519,4.802696776152056,1.1074557722349194,5.403867692273086,1.1027687752753814,-0.6869890059011704,0.5989653025711354,1.2538256219076613,3.084372436593979,4.906890595608519,4.869363442818722
0.056257817562294754,-2.1647215675666303,-0.13943053480493328,0.6039908711981686,0.436582665384452,0.42773394139350207,0.13520536708357156,4.873557262275185,4.588090162357107,1.0546750671910254,5.8100185086468095,2.82663720559092,-0.5108664120169426,1.0695179044197884,1.0988044210033587,3.42872360588495,4.906890595608519,4.836030109485389
0.3768389998391344,-2.4866580277929184,-0.3337882499875675,0.43682214226713195,0.4959935214409388,0.2685093789951003,0.16266895727242225,4.906890595608519,4.54420052607994,0.311626664354111,6.234680709345273,0.5196956297274786,-0.6531556439522287,0.7356573749562749,0.8500910848435703,3.378021593228611,4.873557262275185,4.840223928941851
0.35851923209647163,-2.4532779054145193,-0.42674193985752307,0.6083976619755754,0.22862769100605318,0.30295332920576445,0.19435771518263428,4.873557262275185,4.601226428893774,-0.4216561021274554,6.085089771446433,0.15633120569037973,-0.15978681627428104,0.26311338604407464,0.71127961782316,2.3196170790275263,4.906890595608519,4.829112817830741
0.15145776184852666,-2.1530889375046876,-0.37603992720118373,0.2750427353249648,0.11907375610455828,0.18661097336047194,0.11619211233744436,4.873557262275185,4.528340787345087,-0.042375644284344594,5.865998495806114,0.41829160441479984,-0.017536627184158656,0.6212107387637178,0.1610704789229107,0.41617902055411915,4.873557262275185,4.749864692794683
0.2629711865608475,-2.22133629432066,-0.46476844934977757,-0.4855241170646959,0.23648706952680243,0.2613151940326466,0.08450335442723234,4.906890595608519,4.436728426258015,1.611290330679945,5.919585669109184,2.885789553689983,-0.7100963717346869,0.48008194597006953,0.3128917631900898,0.6887023385819433,4.906890595608519,4.784668373386297
0.1350269417733978,-2.0992686106708196,-0.27886106960986656,0.8779127988691181,0.24368992941818046,0.22668295839695307,0.15844378955106053,4.906890595608519,4.570061759591348,1.466397718392562,5.859954649967369,2.5604516391451386,0.025217458552809463,0.2212268003176886,0.13577308830647672,0.1837947958792301,4.823557262275186,4.530365942770644
-0.30009958834033945,-2.40806485824407,-0.0380265094922545,-0.23433767284445095,0.9313932941155514,0.27077219490226934,0.09506627373063636,4.906890595608519,4.485510198764272,0.5446330909314541,6.435395674987603,1.2464244778016764,-0.5234154610086624,0.9841590606974688,0.7383606955369562,3.037895591659001,4.906890595608519,4.8735572622751855
0.14115446012791866,-1.329070402619097,-0.4436426107429696,-0.4786255075815035,0.3919485933512683,1.125807957655001,0.7647553575664522,4.906890595608519,4.7915856650409445,0.6700563136937142,5.413522394242113,1.3689543417211634,-0.43302623094947745,1.0484700778787754,1.4253011080836435,2.7611471059098154,4.890223928941852,4.840223928941852
0.20257888452461836,-1.315555283813711,0.016900670885446445,-0.3876366695716651,1.339304708294447,2.757559075954383,0.9570004888884058,4.906890595608519,4.7915856650409445,0.00330440912822505,5.155667972379737,-1.3647291739998018,-0.5035901929150252,1.5552078973027297,0.8292889765992029,1.7407691012009856,4.906890595608519,4.862446151164074
0.13593444767829732,0.06525000896403454,0.27041073416714334,0.45136698689968086,1.9961979122989897,2.931804439160364,0.528145965170202,4.906890595608519,4.798502956695591,1.7270540157326983,4.610874455167345,0.06760268354178578,-0.07642565610387438,0.9112783729813531,1.1992442718201832,1.4619080315911188,4.906890595608519,4.862446151164074
-1.2454183182979515,2.894702632731663,0.7732056930091755,-0.8411840597473881,0.5278938674959115,1.240609448309098,1.2126231360307838,4.906890595608519,4.713807887263166,0.7093279870247431,4.297156307168619,0.021125838606808056,0.18214443170797176,0.4202817552965468,0.7589806455991932,0.7584176059844099,4.906890595608519,4.762446151164075
0.0016583917707002627,1.0303918559362533,0.4281503290979768,0.463317944742501,1.0303198066884245,2.666588819005149,1.263325148687123,4.906890595608519,4.81800170671963,1.4696541055072423,6.375584940271756,2.1844117119439552,0.0734365486190277,0.5654365070657117,0.5394788752513624,1.1260071977428705,4.906890595608519,4.840223928941852
-0.1269272783180675,-1.7575728326470208,0.9210865632568319,0.020310096898850796,0.8558129503894909,1.4989155979082924,0.43519227530024646,4.906890595608519,4.7471412205965,2.034740459904582,6.192943365381179,3.00831941760947,-0.7503725638512458,2.750209236936705,1.170225879295001,1.93512681638362,4.906890595608519,4.8735572622751855
0.21211062459152874,-2.175172746308356,0.0380265094922545,0.9084668443572506,0.37319639848978614,0.5087168790131968,0.5999738164333492,4.873557262275185,4.7312814818616475,2.4466447848567645,4.977993127747542,0.8492587119936846,-0.5060194498191943,1.176219747830409,0.7620519967935704,1.3351529999502705,4.906890595608519,4.840223928941852
0.47693236568586617,-2.1808991625537026,0.13943053480493328,0.5783493951641779,0.5843078993958932,0.30743016182208693,0.1795696281578687,4.873557262275185,4.649864692794683,0.7946494038106263,4.7427505380915065,-1.4238815220988643,-0.2005647869298915,0.8761280713985311,0.4996720330644524,0.8281328733868765,4.906890595608519,4.840223928941852
0.2141250749014869,-1.7446878650571778,0.2619603987244201,-0.41183683875644705,0.3365358266371099,0.20346930654603923,0.44998036232501193,4.906890595608519,4.6895605096153865,0.612158072028459,4.9881658133480045,0.6675764999751351,0.14126245689168868,1.0972495448842872,1.2259495602976904,1.7259810141762197,4.890223928941852,4.840223928941851
0.919088525274885,-2.1167745153670303,-0.046476844934977724,-0.659042471096269,0.6016840969202724,0.6165824604745801,0.42885452371820393,4.906890595608519,4.773557262275186,1.387357533905777,5.352507048575685,2.0576566803031064,0.15554054375937504,0.22200330043490826,0.2643956722083751,0.7563050221237291,4.906890595608519,4.795779484497408
0.4547280333918713,-2.4128097096259533,0.25351006328169695,0.386477346898893,0.8243415650037433,0.28435721023369553,0.6718016676964967,4.906890595608519,4.765169623362258,1.3982422799149816,5.49184899524797,1.580212727789244,0.6250244601295344,0.2541950481282822,0.2923747204534548,0.887285221485939,4.906890595608519,4.81800170671963
0.6799006085256201,-2.0525843908163734,0.004225167721361722,-0.6617288183692578,0.9291527115525278,0.7924796829398651,0.3443511692909716,4.82764247057246,4.658950648480237,1.3463191285588854,5.505011300749186,1.9985043322040439,0.8557981352467465,0.37047531692866054,0.29933273359908164,0.6422254936469657,4.906890595608519,4.798502956695591
1.079606433238311,-1.8380186753511523,0.16478154113310306,-0.927891904648181,0.7226043928327006,0.4812610803625371,0.4415300268822889,4.840223928941851,4.638753581683572,1.5646854609109258,5.268276046768824,1.8463982942350259,0.9418797266991122,0.370882038990916,0.32966790173753324,0.7774308607305371,4.906890595608519,4.829112817830741
-0.03508237475851805,-1.8457024953069339,-0.19013254746127273,-0.8420003003000868,3.8634108979741355,0.6013380437834281,1.6182392372814984,4.906890595608519,4.806890595608519,1.9476618731435775,5.29942045042956,2.4210211043402055,0.9309112433655763,0.9718543493955356,0.46127560609223606,0.9527753211670442,4.906890595608519,4.840223928941852
0.5396363719436026,-2.2580986015466666,0.16900670885446456,-0.2007646146636081,0.8249029786942668,0.6438807024735808,0.6274374066221998,4.906890595608519,4.769363442818722,2.4331243492966204,5.270506987775083,2.2900409049779955,0.24630148649740788,1.1914260755461699,0.4346701325994191,1.0351660917335954,4.906890595608519,4.851335040052963
0.860412308296765,-2.3161246096078285,0.4858942879565858,-0.36926792903894157,0.5130580753194254,0.37265346917626674,0.7943315316159836,4.906890595608519,4.769363442818722,2.8661998072704615,4.977081952140702,2.628054322686925,0.8863511434058767,0.677870560154606,0.5096347197070497,1.121782030021509,4.906890595608519,4.851335040052963
0.11487264912794526,-2.3661181766351476,0.5239207974488402,-0.21597055294125456,0.7692828080153236,0.38902327149128746,0.23449680853556976,4.833933199757156,4.525617315146903,3.1781724202197603,4.694869804266612,2.7970610315413893,0.6689207536439451,0.4775764380919467,0.3983577493251025,0.9084110600927473,4.856890595608519,4.720725178917814
0.2808928815739167,-2.049918385275508,-0.08872852214859395,-0.7318395985433255,0.8494151441222293,0.9382421997393753,0.9422124018636403,4.906890595608519,4.798502956695591,2.0553302715370627,4.625800357647542,1.7154180948728157,0.8398042238520661,0.9921067861452055,0.3479300291427312,0.8788348860432159,4.906890595608519,4.851335040052963
0.6673443448680145,-2.087211842964525,0.7774308607305371,-0.6986399837199485,1.4633220658450221,0.9348411475664999,1.6393650758883065,4.906890595608519,4.906890595608519,1.6600716413675303,4.803716674564086,1.690067088544646,0.659838302117237,0.5803869710446594,0.8179597407861048,0.7668679414271332,4.906890595608519,4.813807887263167
0.4020724889771885,-2.061077928345922,0.07605301898450911,0.22098734018323934,0.07464837421920878,0.1528830953929241,0.14365570252629484,4.873557262275185,4.549864692794683,1.609765347493607,5.126306336026673,1.6647160822164764,0.17098579522207993,0.1434652992346261,0.13182415645128875,0.5218082135881594,4.873557262275185,4.773557262275185
0.3370652694037637,-2.060716238005107,0.06760268354178589,-0.9249427083155323,0.11294900587093926,0.10802247503014639,0.09506627373063625,4.873557262275185,4.470616567758626,1.5334913868910434,5.290960586978047,1.7576697720864318,0.8745788978399796,0.2593187740254459,0.16606269616369618,0.2556226471423778,4.840223928941851,4.669363442818721
0.2822547648431377,-1.9817788321483474,0.07605301898450911,-0.49094340860239,0.15085055645221823,0.1273211311686283,0.11407952847676361,4.873557262275185,4.5192548316595325,1.4332448186069489,5.128147797270278,2.1125838606808074,0.3518469706822826,0.11674180598010347,0.15562885980263985,0.45209294618569273,4.806890595608518,4.65825233170761
0.2945313366224296,-1.9836189320146256,0.08027818670587072,-0.6070581669260556,0.13298397328527534,0.08221798534284896,0.17534446043650703,4.840223928941851,4.581727678869736,1.3293893021311056,5.108043492441104,2.306941575863442,-0.13755963641351224,0.2201082759767372,0.12599306907529018,0.23238422467488873,4.906890595608519,4.6859214983262
-0.6062582648351491,-1.9733291752402091,0.1478808702476565,-0.9149933993726492,3.2677738656656556,0.6399568439769171,1.4640206154517994,4.794309137239127,4.705420248350238,1.6460602514319727,4.929089658715786,2.4843986201606296,0.9503538088813446,1.1821541307924277,0.610955272462713,0.5492718037770099,4.906890595608519,4.813807887263167
-0.6801947943178255,-2.07086025865853,0.5999738164333493,-0.6782202219532514,2.4396666096583672,1.118615924320733,2.4189085204795244,4.906890595608519,4.851335040052963,1.7656274908179186,4.8717145087209115,2.6618556644578177,0.9067533354197245,1.1351144414174306,2.3136189100940032,0.6126493195974343,4.906890595608519,4.758252331707611
-0.047815596390722526,-2.06346019597723,-0.274635901888505,-0.7962194981320608,0.7307739003550295,0.3316128433964539,0.13520536708357173,4.906890595608519,4.674810387215089,1.3635173882595746,4.809982840278646,2.3111667435848036,0.6713824292591513,0.8018423814475915,1.4231024990335992,1.2337489746375918,4.906890595608519,4.8735572622751855
1.2591765824874614,-1.7552055425983546,-0.09295368986995556,-0.7581113132997978,0.7008125705201516,0.28700489878283164,0.4499803623250121,4.906890595608519,4.773557262275185,0.17543123905215907,3.212152946251318,0.9422124018636402,0.046397766297905624,0.8058144030481741,6.874026371458594,4.687823586850712,4.906890595608519,4.840223928941852
0.8899772677709485,-1.9872297033265593,-0.07605301898450911,-0.7435871559126803,1.5090637514839043,0.4648941734286609,1.0267157562908726,4.906890595608519,4.8471412205965,0.35483119620081305,6.980322902348363,2.061881848024468,0.861358212748742,0.744010295256873,4.938526226187733,3.13929961697168,4.906890595608519,4.895779484497408
1.1771163949890968,-2.07800773790322,0.15210603796901814,0.019696615433062642,0.5134221821485543,0.6186077703909365,0.2640729825851009,4.906890595608519,4.6895605096153865,-0.10588935821154899,5.479309886695278,1.4112060189347795,0.44906078387319776,0.2859854685944588,1.0202338524508705,1.7365439334796235,4.906890595608519,4.8471412205965
0.28287223066777356,-0.6946106636704193,0.5323711328915635,0.8623516632979645,0.3692670708013166,1.7234290815324984,0.4626558654890969,4.840223928941851,4.6873918455844805,0.5976847616436485,5.860014474232632,3.9885583289653646,0.6556186854296693,0.24804157794790724,0.927385302931897,1.0710800173651698,4.906890595608519,4.765169623362258
-0.012340808643093837,-0.9049776830621808,0.8619342151577694,0.8142429295817011,0.22089983096776367,0.35642337224827386,0.28942398891327076,4.806890595608518,4.547141220596499,0.2159377966930632,5.497884657950239,2.9153657277395144,0.9367095610140388,0.21257269682781949,0.3632247270707323,1.1365701170462743,4.890223928941852,4.780474553929833
-0.21065017126195995,-1.1799963509471028,0.7605301898450907,0.7614270300425274,0.4700357014013501,0.4176094937624634,1.030940924012234,4.840223928941851,4.691585665040944,0.2207159065141319,5.692070432848537,3.092822772036702,0.9449392392411761,0.4913350658121762,0.4390152910444747,1.4365570252629491,4.783933199757156,4.698502956695591
0.514871403128244,-2.010987180157911,-0.41829160441479984,-0.2073548230468964,0.23829772663782167,0.2379641930712919,0.24083456011761206,4.873557262275185,4.578449398504276,-0.0942467843322907,5.748021899841525,3.046345927101725,0.9158319102462863,0.3001123958855067,0.8946080635062499,1.9710407420151939,4.906890595608519,4.824918998374278
0.50757806013489,-2.128946848546287,-0.13098019936221006,-0.776852502824204,0.5113787078719239,0.5548899860512639,0.35702667245505654,4.873557262275185,4.5636992761039785,-0.15800217559302854,5.794377208510077,2.5604516391451386,-0.797261495266277,0.828335042940327,0.4064273596455892,1.2527622293837186,4.806890595608518,4.698502956695591
0.5556930091380425,-2.1124988129125413,0.1690067088544646,0.8540179107314191,0.5459400853430303,0.3749095769271702,0.27252331802782415,4.906890595608519,4.6762807344733694,0.08599982052047289,5.412205113959283,1.711192927151454,-0.8509852038351048,0.5045950567039759,0.423185999643672,0.41406643669343823,4.906890595608519,4.701226428893775
-0.40745122284723756,-2.6832107670746166,0.7478546866810059,-0.16965163155643875,0.3654708454965152,0.285160438421757,0.7584176059844099,4.873557262275185,4.709614067806703,-0.586996691267359,6.558098063332945,1.1069939429967433,-0.1454574387905679,0.6884076551879275,1.0228820578863629,1.218960887612826,4.906890595608519,4.8318362900289245
-0.2805482981041125,-3.149931719579314,-0.13520536708357173,0.35253664867766066,1.0993162384770168,0.3803714001531522,0.4415300268822888,4.906890595608519,4.836030109485389,0.47433675944724535,6.540217622250511,1.2929013227366544,-0.32044571654451964,1.8424215232440075,2.1779756998164572,1.5147226281081392,4.906890595608519,4.829112817830741
0.6255659709141352,-2.544034371655858,0.41829160441479984,-0.33434002521531847,0.2161782344164065,0.2525182632662655,0.26618556644578173,4.906890595608519,4.637283234425292,0.7249265541022571,5.739358277985762,2.45904761383246,-0.12679984995771684,0.3772240100740555,0.37383060253654277,1.6288021565849027,4.823557262275185,4.71800170671963
0.23577241647499303,-2.6054723879780255,0.08450335442723234,0.014607549833923029,0.19070202526234592,0.312973797527905,0.5006823749813514,4.906890595608519,4.758252331707611,0.08164516576041247,6.6532570715617325,0.8070070347800684,0.04562037562854169,0.2176420624513551,0.4537839630448697,0.4013909335293534,4.850599866423822,4.694309137239127
0.5635068087711033,-2.5786325563204535,-0.06337751582042417,0.08213725611127828,0.3717759440976738,0.27675184417831566,0.8302454572475573,4.890223928941852,4.82911281783074,0.3573996238797159,6.113332343087427,2.1844117119439552,-0.8049416484782904,0.9564238234735036,0.8987097519801566,0.9253117309781937,4.873557262275185,4.700671620726498
1.2210746790041482,-2.0884311375676647,0.5577221392197332,-0.19429537123487142,0.22910186917433917,0.35477954184817495,0.3971657658079918,4.906890595608519,4.758252331707611,0.38220874000951877,6.146835595484646,2.32806741447025,-0.97702169723129,0.15170746063056462,0.32854861429622906,2.009067251507448,4.840223928941851,4.724918998374277
1.1324922495237977,-1.4063652989858548,-0.008450335442723222,0.006936315641876931,0.3158272519199241,0.7060151527989765,0.34646375315165245,4.906890595608519,4.7915856650409445,2.300150395744769,4.981339774484468,-1.0013647499627027,0.681534108174677,1.6056234505593405,1.2777074589234547,3.5195647118942253,4.906890595608519,4.8735572622751855
0.3588393061548891,-1.9283015487266446,-0.20703321834671917,0.8676305570666891,0.2899313160934005,0.23242094588105144,0.24294714397829284,4.906890595608519,4.656781984449331,0.24730517103764282,5.489155540947684,0.39294059808663007,-0.5061658248145132,0.4871311941973947,0.5711052017737983,1.734431349618943,4.906890595608519,4.78739184558448
0.05688941051632135,-2.188799322520851,-0.29998690821667473,0.2973337597860775,0.28031935568572086,0.26385445123981177,0.8978481407893432,4.906890595608519,4.795779484497408,0.29543438939448025,5.066407319737575,2.2351137246002946,-0.05667884932214043,0.6780093009149298,0.6613905927079311,1.2548748132443996,4.906890595608519,4.8735572622751855
0.15950347797729014,-2.127427399084252,-0.33378824998756756,0.7676163139011459,0.26208421963544914,0.13386450883669454,0.3359008338482484,4.856890595608518,4.62764247057246,0.28569926917895805,5.38026295034731,2.543550968259692,0.46323282126495136,0.111275910341744,0.3217985097041036,0.48800687181726654,4.906890595608519,4.806890595608519
-0.3006148273405973,-2.0139948935072054,0.07605301898450911,0.5500988558555364,0.32635825562014675,0.2816561401225399,0.4520929461856928,4.840223928941851,4.680474553929833,0.34618788077526336,5.304145830970787,2.1970872151080396,-0.18560363434903973,0.14124478236418592,0.15319654173152264,0.5851857294085837,4.873557262275185,4.740223928941852
-0.04435951096349333,-2.0053013352457985,-0.5112452942847554,0.11258133789288195,0.4793899955305898,0.15645992603591918,0.42251677213616157,4.873557262275185,4.627642470572461,0.20764687145720412,5.162425205701302,1.9773784935972358,0.4266698486534587,0.12706076710218928,0.3843692212587704,0.42251677213616157,4.873557262275185,4.791585665040944
0.0050866161410811905,-1.9782414130930954,-0.4647684493497777,-0.5119255218315774,0.20300145831112282,0.1669631598055925,0.13943053480493334,4.873557262275185,4.551117817734587,0.6301415278603544,4.909633605423249,2.0027294999254055,0.31992584628719,0.17678334708426124,0.15889606676827928,0.3020994920773553,4.906890595608519,4.738753581683572
0.011338622625508776,-1.9811963965676123,-0.24928489556033528,-0.3953161049467074,0.2454412285676435,0.17787106925865603,0.36336442403709895,4.906890595608519,4.715061012203069,0.5649268182710405,4.73670017465419,1.4872590379192885,-0.57608236073941,0.29082026102238884,0.3131192583482214,0.5809605616872221,4.890223928941852,4.795779484497407
-0.6198715721677903,-1.371747068389507,-0.5999738164333493,0.7742764829265573,1.316481460217291,1.330177986952273,0.5746228101051796,4.906890595608519,4.75825233170761,0.605875638817127,4.859205359194039,1.8294976233495794,0.21649721877018246,0.29239561306636097,0.5588493062269624,0.9506627373063634,4.906890595608519,4.836030109485389
-0.6470374655004467,-0.537001008180923,-0.48589428795658574,-0.011357041614385215,0.8019408846343246,0.6166617506464045,0.8154573702227917,4.906890595608519,4.820725178917813,0.4495665455836548,4.506995806097587,1.4830338701979269,0.8280976467996106,0.49531116147544596,0.1949810018998659,0.36547700789777954,4.906890595608519,4.693754329071851
-0.1383723557436416,-0.7737882609577775,-0.768980525287814,0.8075144591188952,0.5241770427610235,0.30277994426057186,0.264072982585101,4.840223928941851,4.608143720548423,0.14464369519815146,4.824498432745026,1.711192927151454,0.5428602949476078,0.16977004763072223,0.3637239427836887,0.44575519460365026,4.856890595608519,4.742947401140036
0.3382547842524075,-0.6600831547781424,-0.9802389113558947,-0.13393390151322618,0.783916173682472,0.4103600436119721,0.8408083765509615,4.906890595608519,4.734004954059831,0.15357892274623963,4.782904015316356,1.723868430315539,0.28867119659595925,0.18523261203341457,0.4107501873467836,0.4880068718172666,4.906890595608519,4.795779484497408
0.8524350118036237,-1.9244800099490333,-0.6464506613683271,0.31096123794487107,0.3972937240736596,0.1588826664061529,0.48378170409590493,4.906890595608519,4.727087662405184,0.20998411895776659,5.551995538577986,2.290040904977995,-0.06475711523234419,0.29158778747680414,0.24585281987791952,0.6380003259256041,4.840223928941851,4.740223928941852
0.16977210572416412,-2.2635787226440884,5.551115123125783e-17,0.3646595695165735,0.43088360871811027,0.2168509708522145,0.8492587119936846,4.906890595608519,4.840223928941852,0.7274421070779461,4.763488184592355,1.4661331993124804,0.8595167154344,0.4220653074411512,0.4169389626342648,0.7225036803528362,4.890223928941852,4.802696776152055
-0.35681498204616346,-2.0940938488293446,-0.24928489556033528,-0.9005522643037106,0.848892983528184,0.29347029517303747,0.45843069776773515,4.906890595608519,4.713807887263166,0.28632421167985894,4.6369637437559525,1.106993942996743,0.7115771328640897,0.5293513549627213,0.20468756656487352,0.45209294618569285,4.906890595608519,4.776280734473369
0.09622624736751417,-2.137829770144556,-0.6422254936469655,-0.3023765466907029,0.14788284327059387,0.16119028929000445,0.21337096992876156,4.873557262275185,4.5955622621790315,0.529192984055934,4.7137296978317185,1.601338566396052,0.7355377443196008,0.23620645671710977,0.2578255443743709,0.5957486487119876,4.873557262275185,4.806890595608518
0.26554160502055435,-2.0763270458079104,-0.5830731455479028,0.43541619700290535,0.46423554769657205,0.206226102140865,0.3443511692909716,4.873557262275185,4.645670873338219,0.47465244700039544,4.912393738478637,1.736543933479624,-0.8592070400784585,1.1266993659444569,0.8696096792049004,1.8717493005631956,4.906890595608519,4.798502956695591
0.39439218939148546,-2.08222353623005,-0.6971526740246664,-0.8489979572158549,0.36455995822231957,0.3449272809786199,0.3168875791021211,4.840223928941851,4.536728426258016,0.4666740652048295,5.1547408256856935,1.6435902436096683,-0.6583804646629657,0.2596550727570541,0.39200261667323977,0.502794958842032,4.906890595608519,4.783198026128016
0.23154091976288438,-2.1755666860432665,-0.8027818670587068,-0.21666853382738974,0.22428103261585486,0.1673923014562827,0.21970872151080398,4.840223928941851,4.59703260943731,0.5781900900738949,4.910477065847381,0.3633644240370989,-0.24025903641351773,0.30881125408597637,0.6668615038837222,0.6929275063033049,4.873557262275185,4.762446151164074
0.4251632397241787,-2.3801802091225506,-0.714053344910113,-0.7070068113172373,0.23811873833293795,0.36396236669446425,0.14154311866561414,4.873557262275185,4.492838789980848,0.30056555954011255,5.521440351045214,-0.28308623733122823,0.11861449002116785,0.21703670210399617,0.5436817259420388,0.5957486487119877,4.906890595608519,4.829112817830741
0.12659697651526125,-2.844636659847398,0.012675503164084834,-0.14452459220723,0.20800149231178855,0.2937206735548328,0.4901194556779473,4.906890595608519,4.784668373386297,1.1616499755251188,6.570965297648837,1.7449942689223472,-0.2980940090939636,1.183055400182597,3.0853506723003488,3.5956177308787343,4.906890595608519,4.884668373386297
-0.29971350009661535,-2.790419574901629,-0.21548355378944234,-0.04875270866187373,0.9410953382123948,0.346875903774448,0.27674848574918576,4.906890595608519,4.723448651115997,0.1353509698834055,6.101639072553833,2.3576435885197813,-0.46638201249410094,2.396353471496408,2.9457997977917016,2.7717100252132196,4.890223928941852,4.82911281783074
0.5899980692643347,-1.8354104107901072,-0.30421207593803634,0.07738345675974981,0.41910109447293076,0.5235459492999844,0.28942398891327065,4.906890595608519,4.765169623362258,0.22244320822710584,5.172841945936236,1.1196694461608279,0.18620128881540196,0.7331219123972762,0.3389135162904884,0.8851726376252583,4.906890595608519,4.840223928941852
-0.01648127451177661,-2.2080207424059246,-0.30843724365939784,-0.9170902981583835,0.2703432705166602,0.38265556941071055,0.5640598908017755,4.906890595608519,4.724918998374278,0.5720281385256332,5.126808606688041,1.2886761550152928,-0.3071236764888029,0.2532134513908107,0.30277980494780454,0.7436295189596442,4.906890595608519,4.765169623362258
-0.06822066323585041,-2.3695627614913928,-0.6971526740246665,-0.2707343781097247,0.1351127631102238,0.0960147317887482,0.3739273433405029,4.840223928941851,4.603395092924681,0.5557045676218672,5.5288224765979,1.2886761550152925,0.33612662905736185,0.27857910813645437,0.32375405008301117,0.4520929461856927,4.906890595608519,4.81800170671963
-0.45797288483257503,-2.248891306393756,-0.39716576580799184,-0.6684001834346597,0.9725296832311856,0.5339027423748166,0.9316494825602362,4.906890595608519,4.769363442818722,0.24064212025736764,5.727700406076329,1.5337358828542662,0.5045433138718682,0.8925129083717974,1.4798291966125285,1.7724578591111975,4.906890595608519,4.862446151164074
-0.21729527497336498,0.47306796549970614,0.7288414319348786,-0.29909258967481983,0.9367919227264183,2.035224629876094,0.9675634081918097,4.906890595608519,4.820725178917813,0.1298915162936325,4.521893155509543,1.8337227910709408,0.50521070526463,0.4896397974191442,0.53016082540152,1.263325148687123,4.906890595608519,4.829112817830741
0.22394192903800647,-1.74600737852664,0.44364261074296957,0.21173299887242575,0.49381874337402776,0.4559179541704823,0.593636064851307,4.873557262275185,4.654058512251146,1.2204526122138335,5.524006095370786,1.2295238069162302,-0.09335540000380572,1.5791040764188966,1.0963408203745195,1.7302061818975818,4.906890595608519,4.840223928941852
0.24206373609562792,-1.9158166818804019,0.6168744873187957,-0.2794796833123788,0.5172846522098458,0.48389593284924826,0.4584306977677353,4.906890595608519,4.742947401140036,0.9960059039577512,5.3685164131419185,1.985828829039959,-0.9091201432410188,3.010847699385206,1.5886179194308037,1.64781541133103,4.906890595608519,4.8735572622751855
-0.0019050373420053113,-1.7157146383473512,0.5534969714983715,0.5441112321035138,0.7871075256733802,1.896919534503665,1.0605170980617653,4.906890595608519,4.829112817830741,1.2551821902114977,5.345840703142063,2.6027033163587547,0.1811834674361168,1.0313711619972992,1.460223150028375,2.4083456011761206,4.906890595608519,4.829112817830741
0.4604308229251597,-0.938544157516164,0.6295499904828807,0.11848770535238551,0.5636670334573797,1.069116670613237,0.38660284650458787,4.906890595608519,4.747141220596499,1.056481901417086,5.8535088887367115,3.620968737206904,0.04478069733780902,1.068958935337273,1.1471967999278863,2.2013123828294017,4.906890595608519,4.802696776152056
0.325070620808515,-0.44765078419334925,0.5408214683342867,-0.5794987366985445,0.4945806830983783,1.6294046104797653,0.950662737306363,4.906890595608519,4.81800170671963,0.60447539394358,6.0878275894410905,3.3843593448106537,0.23496630574385607,0.8461522606101101,1.128177771480276,2.2330011407396135,4.906890595608519,4.836030109485389
-0.2662843654845761,1.094010790569885,0.6337751582042422,0.13329380668092436,0.4960861304427291,1.0320470663191743,0.3971657658079918,4.890223928941852,4.731836290028925,0.8467764700404763,3.850409576079747,-0.11407952847676359,-0.7772479184871838,0.9778217026034948,0.6314162957318519,1.0541793464797231,4.906890595608519,4.836030109485389
-0.23436430917175421,-1.477705614717356,0.4732187847925009,-0.7011592687855562,1.0495049918641741,1.182988134580846,0.8260202895261957,4.906890595608519,4.712337540004887,-0.8381421919085164,3.6345301593113715,-1.132344949324913,-0.3565280429052352,0.8561260155887136,0.3397928406143611,1.3414907515323127,4.906890595608519,4.829112817830741
-1.1244933523263838,-1.4353181164342204,-0.2873114050525898,0.38925169103158597,0.5310842884364351,1.411015558853185,0.7816560284518989,4.906890595608519,4.840223928941852,-0.59578709047532,2.9005306547544993,-0.9506627373063634,-0.3014551747767173,0.3860975583741714,0.9090956241061292,1.6900670885446458,4.906890595608519,4.884668373386297
0.8682110112201649,0.6956078799265721,0.1436557025262949,0.20743568113670532,0.9471704076498644,2.6547884148585412,1.0753051850865312,4.906890595608519,4.836030109485389,-0.1804339321013612,2.395501517332455,-1.7217558464548581,0.9624941662511316,0.525533352708971,0.6102462585674324,4.681485835268669,4.906890595608519,4.862446151164074
0.8795563398567139,-1.1389414222857468,0.1140795284767636,-0.41370296431524684,0.5590894147305856,0.9872058539086546,0.8133447863621108,4.906890595608519,4.858252331707611,4.737094332188701,3.7713467796499875,0.06337751582042417,0.5153924295496379,1.3127928462432674,1.547014736261711,2.801286199262751,4.906890595608519,4.8735572622751855
0.2490620308466145,-1.9701425484966855,0.7732056930091755,0.866233642758584,0.6864410810545367,0.5803259653727293,0.1795696281578686,4.873557262275185,4.654058512251146,3.0930180592587626,6.213156718286674,2.028080506253575,-0.44033647562218275,2.648795253137029,1.7408980495041506,1.132344949324913,4.906890595608519,4.851335040052963
-0.2874925797474317,-1.7340390970075958,0.7858811961732606,-0.23121586384712417,0.5598906998735669,0.7197210558278797,0.9126362278141089,4.906890595608519,4.78739184558448,1.7633800112458617,5.9384110683241556,1.8252724556282178,-0.4670979220506933,0.5963868271378605,0.7777201719683897,1.1872721297026136,4.906890595608519,4.862446151164074
-0.6657509580463938,-2.0949700881453874,1.0478415948976805,-0.06321037520014985,0.3495650749437038,0.24035268515979635,0.3591392563157371,4.873557262275185,4.691585665040944,2.55707388716165,5.803544773622823,2.6745311676219026,-0.9001545351098205,0.5669077848196635,0.606467048446909,1.852736045817068,4.906890595608519,4.824918998374278
-0.7169216271053962,-1.9453894184338232,-0.16055637341174134,-0.8332184553149368,0.5511349432658728,0.3826704394248722,1.0161528369874684,4.906890595608519,4.7471412205965,2.02909017541722,5.782027987237396,2.1125838606808074,-0.3966309740919824,0.3555526417846104,0.3341560116581097,0.6274374066221999,4.906890595608519,4.813807887263167
-0.699730835575747,-2.162096541032552,-0.2788610696098666,-0.7758994965062056,1.263737944363636,0.5307253879622076,1.3985305157706946,4.906890595608519,4.772086915016905,1.8381601570124966,5.840142663539504,2.712557677114157,-0.8839870161549449,0.501675039599566,0.40377421909161226,0.26829815030646254,4.906890595608519,4.680474553929833
-0.8689138934600735,1.1616658081717226,-0.11407952847676361,0.589537683366205,0.6407985547145143,1.1317691898244198,0.9555920996479518,4.906890595608519,4.7915856650409445,1.941161188011279,6.003281746315881,2.59002781319467,0.8163302897897413,0.33413131241140903,0.32705435502000046,0.45843069776773526,4.906890595608519,4.7471412205965
0.05903741386128303,-0.9279103651473053,-0.10140402531267889,0.17610451317819253,0.9044573085948402,2.0164938665842262,0.8091196186407493,4.906890595608519,4.840223928941852,0.9373051276418095,5.11526028000224,2.053431512581745,-0.329057863753772,0.46133619244462576,0.49361311126329577,1.9985043322040439,4.906890595608519,4.851335040052963
-0.3504278099632643,2.080966768623651,-0.16900670885446467,-0.48762101926091445,0.7419100548484248,2.4609185903836472,0.561947306941095,4.906890595608519,4.802696776152056,0.856957015117247,5.463093769931098,2.0661070157458297,-0.4185394554959545,0.5840642255956386,0.5323132892807472,1.0351660917335956,4.906890595608519,4.820725178917813
-0.4509226794450587,-0.2878950724488293,0.38026509492254545,0.4836890915578826,0.467125877923003,0.9163722474776059,0.6908149224426241,4.906890595608519,4.813807887263167,1.024969867543618,5.286352357926312,2.218213053714848,-0.779961094650396,0.26415407112260936,0.1377528010134088,0.49223203953862815,4.906890595608519,4.754058512251147
-0.1037008840441489,-0.6603000947062377,0.25773523100305856,-0.05072637691352926,0.8556966964907535,1.840979435195219,0.439417443021608,4.906890595608519,4.727642470572461,0.8558852077979673,5.070553031178525,2.0027294999254055,0.7484496107909625,0.3199167327928394,0.40816723838826396,0.8555964635757272,4.873557262275185,4.754058512251146
-0.2561569751630417,-0.022185504200848805,0.6506758290896888,0.13958059961959832,1.040232827972384,1.4060738462155205,1.0013647499627027,4.906890595608519,4.862446151164074,0.5958269650770553,4.406148138114819,0.7394043512382826,-0.6479748407802899,0.21728049994444176,0.6685215961023032,1.468245783173161,4.906890595608519,4.895779484497408
-1.1798532843344378,1.3997762122919801,0.8154573702227917,-0.8433209414223696,0.3141176024465504,0.6517132108489445,0.701377841746028,4.906890595608519,4.809614067806702,0.19133878548172434,4.601591791508113,-0.6506758290896888,-0.08116823134674078,0.40596057062568947,0.8092793291107263,1.6288021565849027,4.906890595608519,4.862446151164074
-1.0717128080048166,0.6934389916452558,0.20703321834671917,-0.719392161231812,0.19552765352667922,0.8355432072291369,0.5746228101051796,4.906890595608519,4.758252331707611,0.3565729486560574,3.9766861289896083,-0.20703321834671912,-0.6048795965506352,0.5458438541321438,0.7246486585324527,0.999252166102022,4.906890595608519,4.7915856650409445
-0.22931945104058116,-0.43792731667425316,0.6253248227615191,-0.9191170159555399,0.5852721873596418,2.130993034596138,2.5646768068665002,4.906890595608519,4.78739184558448,1.1471773508708225,5.231924835628957,0.9675634081918099,0.39053367444677206,1.767674519979375,2.5262568556493097,3.489988537844694,4.906890595608519,4.8735572622751855
-0.21188373214924194,-0.4961930424465465,0.5661724746624565,0.6991646701537174,0.6091568510069334,0.4423244077767897,0.1795696281578686,4.840223928941851,4.6234486511159965,0.417707200408541,5.432029528798436,-3.0040942498881082,-0.28324006749542113,0.32588745148253584,1.0099003063109224,1.0161528369874684,4.906890595608519,4.8471412205965
-0.9025023397229255,-0.6132218794449499,0.3929405980866302,-0.8865739239815054,0.41573975155383236,0.8974866008336141,0.3675895917584605,4.906890595608519,4.613951395868515,0.36677268615377906,4.445622077590912,-4.799790531466795,-0.08260767313277725,0.36558916310793893,0.8787487443911124,1.6076763179780948,4.906890595608519,4.680474553929832
-0.6580361054326893,-1.1009493349275756,1.1576959556530826,-0.44646001662235124,0.8650386354793715,0.6362245205769576,0.8471461281330037,4.906890595608519,4.81800170671963,1.900331667571077,6.257490540492537,1.2210734714735068,0.9068878353602664,2.1929546940712816,1.3807963874976439,4.157565037819829,4.906890595608519,4.895779484497408
-0.18614710321776018,-1.665782285122591,0.3211127468234829,-0.898598123075068,0.4704586582922561,0.5094403939728717,0.16266895727242237,4.840223928941851,4.574255579047811,1.0376216110367054,5.605941652913216,1.3647291739998018,-0.07847681326873737,0.27887721826174183,0.18016716785307496,0.4013909335293534,4.873557262275185,4.742947401140036
0.2751311754062784,-1.944205474675044,0.30843724365939784,0.7056566486557009,0.1479190459866584,0.41178737001135524,0.20069546676467687,4.873557262275185,4.51506101220307,0.8582197686210008,5.71993900576921,2.0365308416962984,-0.3723070814914257,0.29089749231675827,0.8044287458895307,2.389332346429993,4.856890595608518,4.724918998374276
0.3004547032003235,-2.326940219751492,0.11830469619812523,-0.8056058159188063,0.3094818750707278,0.14117674723415075,0.35280150473369476,4.873557262275185,4.58739184558448,1.0158150393144143,6.777255792476129,0.6380003259256039,-0.7502861560880831,1.4120407037600367,0.5038098814500587,3.249153977727082,4.906890595608519,4.858252331707611
0.50499034112118,-2.54519975033313,-0.3211127468234828,0.013981334445030838,0.35665544250853287,0.680847244003685,0.5767353939658606,4.906890595608519,4.802696776152056,-0.032817499971035446,6.552467189280688,-1.643590243609668,0.683846222634727,1.1371006985644143,3.12373601544909,3.9399689001697062,4.906890595608519,4.884668373386297
-0.1901226193675054,-2.5517283709839886,-0.3211127468234828,-0.5098686522800311,0.3987602867792428,0.3458267259614004,0.6612387483930928,4.906890595608519,4.836030109485389,1.4095442808255494,5.434373826490624,1.8717493005631956,0.22035992244446495,1.2649620593344924,1.88904804075946,2.471723116996545,4.906890595608519,4.862446151164074
-0.45923337609284864,-2.4508698490757155,-0.5281459651702018,-0.8686342981202828,0.49817546061453255,0.23905662602718858,0.1668941249937838,4.906890595608519,4.660975803905794,0.7723664928200131,5.290005406035332,0.6844771708605816,0.6580366804272231,0.33780444990107217,0.19636582531532598,0.9337620664209169,4.906890595608519,4.698502956695592
-1.0501678852235043,-2.6304529148382514,-0.48589428795658574,-0.8840818966664538,0.4823047944641119,0.4279436511253476,0.4510366542553525,4.906890595608519,4.802696776152056,0.8094935789075542,4.44363481094745,0.8450335442723229,0.40505328729632145,0.8574991357232831,1.1563762566810698,0.9189739793961514,4.906890595608519,4.869363442818722
-1.1185812958216625,-0.8838787978045505,-0.7056030094673899,0.6805482422788279,0.507501402381211,4.04318831539339,1.8506234619563875,4.906890595608519,4.851335040052963,0.8246250856516947,4.637131282847483,1.592888230953329,-0.36119327526139566,0.32774692090457425,1.0938483002331902,1.3837424287459292,4.906890595608519,4.8735572622751855
-0.017604785557153946,2.285995664672445,0.9717885759131715,-0.25478788572863426,1.1308682740120517,1.4133810772107362,0.7563050221237291,4.906890595608519,4.8471412205965,0.5397926586444918,5.181926499483551,1.4788087024765653,-0.8218726129447791,0.7041244485872598,0.8687273275451104,3.6526574951171162,4.906890595608519,4.906890595608519
-0.8995938314046392,1.783188935681308,0.7056030094673897,-0.3477700723879256,0.4910609243723658,0.7411019624179984,0.6865897547212624,4.906890595608519,4.813807887263167,0.7053320652456813,3.7997515573777614,-1.5126100442474582,0.24961458543264406,1.3233730892269282,0.7600696567037071,0.6295499904828809,4.906890595608519,4.851335040052963
-1.266890720198449,1.9218548146186738,-0.19435771518263434,-0.6515791318898256,0.4413424830231867,0.5968003849660022,0.7013778417460279,4.906890595608519,4.81800170671963,0.42930731299032265,2.6220754476362056,-1.9583652388511084,0.3867870962612793,1.139057335241319,1.819664128194601,1.7978088654393671,4.906890595608519,4.769363442818722
-0.9616871190436638,1.0741871535379448,1.6604909144951148,0.3831785543436693,0.9780989892630982,1.550085795018144,2.6977695900893917,4.906890595608519,4.862446151164074,2.100072120375679,-0.6920141032992961,0.5661724746624563,0.3278022665072555,1.3995369719074098,1.6827320898615397,4.550505635906459,4.906890595608519,4.851335040052963
-0.6760112249983874,2.182322713805787,-0.04225167721361611,-0.11854064896529949,0.607349314330826,0.9980641588806636,1.35134947621549,4.906890595608519,4.806890595608519,3.165412652128676,1.6947135530279667,-0.18168221201854942,0.5872438717642119,2.1981419570069702,2.9717504873585856,2.063994431885149,4.906890595608519,4.884668373386297
-1.153564972732438,2.9687557014684653,0.10985436075540189,-0.4201646980791101,0.1842617636677355,0.2944132032772395,0.24294714397829287,4.906890595608519,4.652033356825589,0.08270323193187323,3.1845591759073484,-1.7492194366437086,0.0956028884865982,0.4189887024937473,0.3123496580392233,1.0393912594549573,4.873557262275185,4.776280734473369
-1.641136148418194,2.7159606946577997,-0.1816822120185495,0.49033148359317,0.07728308698466702,0.1567904780785645,0.07394043512382842,4.806890595608518,4.390813634555291,-0.13840804848899296,2.9033948909436127,-3.599842898600096,-0.08392005965735265,0.19457678180767674,0.21554412118803268,0.3760399272011834,4.810975803905794,4.681727678869736
-1.248429950407278,2.172271135400088,0.08027818670587084,-0.29710488414439185,0.47011968225471357,0.5573059908852699,0.3612518401764182,4.906890595608519,4.776280734473369,0.8960765755006244,3.099552208993506,-1.0182654208481492,0.6968835908730056,0.8297658480906964,0.8193840586031524,5.382863677014697,4.906890595608519,4.906890595608519
0.3262940312839864,-1.2469412484958555,1.0055899176840644,0.49478375135165814,0.8292996448489509,3.090632985732681,1.504159708804735,4.906890595608519,4.779004206671553,0.07507065543908387,6.48273935256583,3.9040549745381323,-0.4068158883107896,0.771411282267968,1.1329721482567057,3.7582866881511565,4.873557262275185,4.82911281783074
-0.0386073971802956,-1.3147698313023488,0.24928489556033528,-0.2776391641588734,0.49745477079184663,1.1482367525687531,0.735179183516921,4.873557262275185,4.72289384294872,0.07884443014285636,5.759902361375878,1.7492194366437088,-0.499613909845837,0.18069052995849044,0.25540618179536834,0.08872852214859406,4.840223928941851,4.328484295950437
-0.5031247623894224,-1.687269880145509,0.1816822120185494,-0.63211112916662,0.18029378270163043,0.343095751456712,0.16266895727242214,4.873557262275185,4.6234486511159965,0.31370094021536543,4.683578342602967,1.0689674335044885,-0.7389413328700563,0.22662914803829115,0.42918541198292326,0.37815251106186454,4.906890595608519,4.729112817830741
-0.48049118335035734,-1.6128439470762117,0.2577352310030585,0.9434342771058151,0.42557260593113044,0.402812876750008,0.1478808702476564,4.873557262275185,4.563699276103978,0.7028745741426623,4.690510430564734,1.153470787931721,-0.8469124888428772,0.48232787095937346,0.6427041116388743,1.0795303528078926,4.794309137239127,4.708143720548422
-0.6897332137410022,-1.7091190394743367,0.10562919303404039,-0.8311224874179207,0.11054855712270717,0.2539607412980298,0.6971526740246665,4.806890595608518,4.7090592596394245,0.7390294418737908,4.467751171618985,0.5239207974488402,0.8334513979644975,0.2700376987794088,0.23202527273771612,0.5344837167522445,4.906890595608519,4.758252331707611
-0.8102276328506006,-2.177021954737318,1.284450987293931,0.3775125322557939,0.2098311603165115,0.14445986393800048,0.583073145547903,4.906890595608519,4.758252331707611,1.2347956997208867,4.293966594604117,0.8408083765509613,-0.5667676757410584,0.5458845790875118,0.40975490786838087,0.8091196186407492,4.906890595608519,4.81800170671963
-0.8649706052097277,-2.1514890745302897,0.2577352310030585,-0.4758510332710979,0.17288183885011943,0.20889280468626337,0.45420553004637376,4.906890595608519,4.656781984449331,0.9278516128531601,5.123276471024228,-1.7787956106932397,-0.7487199156980919,0.5607871290724722,2.0536042865060806,4.440651275151057,4.906890595608519,4.862446151164074
-0.5858889338413542,-2.336302349000314,0.12675503164084845,-0.6955120275658281,0.22854651730262088,0.300813672649475,0.16478154113310295,4.906890595608519,4.6159765512940725,0.11442696589209397,5.356175316692151,-2.095683189795361,0.5742997716440151,0.8616249616372436,1.1715230196052024,1.865411548981153,4.906890595608519,4.862446151164074
-0.44479735131286,-2.0302349400749087,0.2535100632816969,-0.6401195884908106,0.5663130878647489,0.5953888140196081,0.4668810332104586,4.906890595608519,4.776280734473369,-0.6454643890960351,5.635454288191169,-3.063246597987171,0.9050526315291488,2.0462032646110107,3.469413913918016,3.1562002878571267,4.906890595608519,4.8735572622751855
-0.8543589315378712,-2.3376079596166583,0.38871543036526857,-0.2975644019762332,0.23028457068677555,0.19687773763380534,0.6084241518760726,4.906890595608519,4.776280734473369,1.871857342089439,6.28669191026242,1.9689281581545126,-0.5982056592903258,2.0636214823393906,2.447123806657952,2.634392074268967,4.906890595608519,4.862446151164074
-0.7066647662895396,-1.9742050687415895,-0.5408214683342868,0.41197142106712714,0.28131239005294617,0.28756748895133594,0.45843069776773526,4.906890595608519,4.704865440182962,1.4419645792032547,4.9648558709434845,0.42251677213616146,-0.5029616299935712,0.9117952957658186,0.8780872860320135,1.8083717847427712,4.906890595608519,4.8735572622751855
-0.4392339108994685,2.120400051190896,0.7943315316159837,-0.6122436851732488,0.9614634856456181,2.6713026602797365,0.711940761049432,4.906890595608519,4.858252331707611,0.4564166972150071,4.932778724244672,1.1365701170462743,-0.47556596929190764,0.9223149342574777,1.3853687837980888,1.2907887388759733,4.906890595608519,4.884668373386297
-0.18793938914278252,-1.4165547913198122,0.9253117309781939,0.7473317474094243,0.3278262549637101,0.2868019833153699,0.5978612325726684,4.906890595608519,4.7387535816835715,1.3979869574303703,5.538642464260391,2.1675110410585083,0.18787990931386,1.5233423986911845,0.9865685387573886,2.425246272061567,4.906890595608519,4.851335040052963
-0.415690319789499,-1.3952168448035496,0.7013778417460281,0.5660631420155037,0.5853363679837971,0.4051098494668642,0.5049075427027131,4.7068905956085185,4.613807887263166,1.0850615239725072,5.724470675536426,1.9942791644826823,0.91657758415771,0.5063907348652764,0.19958272502572205,0.5915234809906262,4.840223928941851,4.713807887263165
-0.6639210387071479,-1.7331435025299375,0.4309671075788848,-0.6752919486961082,0.5936021383838237,0.7776430780520682,0.12886761550152914,4.873557262275185,4.526172123314181,0.8788861233761757,6.675538982192949,0.6253248227615191,-0.886480437253865,0.9322143612003061,1.5442052466418232,1.854848629677749,4.890223928941852,4.795779484497407
-1.2867200930829106,-2.3518862262894142,0.4351922753002464,0.606450528640545,0.31022771954215766,0.2203560581392201,0.15633120569037973,4.906890595608519,4.526172123314181,0.6716170345174175,6.410422172919497,-1.7830207784146015,0.5866683276856319,0.7581774015104972,0.5179526630382112,0.9717885759131715,4.906890595608519,4.806890595608519
-0.7092248780992678,-1.6063737697383935,0.7985566993373452,0.005126434074062158,0.8159294489803939,1.0094277249510855,0.24928489556033534,4.906890595608519,4.644561257003665,0.554477238180002,6.3612883066424555,-2.2224382214362093,0.46869973271451015,0.4787675680695375,1.3172186599289937,1.854848629677749,4.906890595608519,4.851335040052963
-0.13400771911062526,-1.7277320844827235,0.756305022123729,-0.862013870023618,0.43353184595601313,0.3885884077029209,0.2556226471423778,4.906890595608519,4.715976551294073,1.8794387785609363,5.875614361272895,2.6153788195228396,-0.9134612936551727,1.3413053759392108,0.8820560634305727,1.6097889018387752,4.906890595608519,4.840223928941852
-0.16617919383294222,-2.0249927386760294,1.064742265783127,-0.011332821708914255,0.24065673187926073,0.29139689829474524,0.2556226471423776,4.906890595608519,4.694309137239128,2.96388899416639,4.2150344358083025,1.964702990433151,-0.7123294086184195,2.9113587077467287,1.2478167664323299,1.5950008148140098,4.906890595608519,4.895779484497408
-0.06427827021197796,-2.450394946885133,0.405616101250715,0.8228353985871182,0.39157402373712813,0.3798361563415845,0.3908280142259493,4.906890595608519,4.795779484497408,2.0922225000658488,5.910660036289711,3.228028139120274,-0.591439201415247,1.1211899920968866,1.2908341087063833,1.783020778414602,4.906890595608519,4.862446151164074
-0.6302539971837442,-2.455653018514388,0.6337751582042422,-0.38712137149678966,0.2685312368268695,0.3194104905868159,0.3908280142259495,4.906890595608519,4.742947401140036,2.7251705671491075,5.540963868982502,3.6378694080923504,-0.29989878482050714,2.4650728626805547,1.8390839297363488,2.3956700980120353,4.906890595608519,4.884668373386297
-0.7133622941742725,-2.6512727934821605,0.4351922753002464,0.515292310597519,0.7218119658776994,0.4814544087948883,0.8323580411082382,4.906890595608519,4.81800170671963,1.7146088885795416,5.007617578113233,1.6731664176591996,-0.7104965431878435,0.9354310239505723,0.9677417670073281,2.2393388923216566,4.906890595608519,4.906890595608519
-0.8861071869197756,1.0501020008334963,-0.3380134177089291,0.1578264501250984,1.1392816109627746,2.1413394595082624,1.4766961186158845,4.906890595608519,4.851335040052963,0.43870362337832114,4.923835456394032,1.5844378955106058,-0.638247296982962,0.3623071536055378,0.8685680454159737,1.172484042677848,4.890223928941852,4.836030109485388
-0.1968641864651497,0.36520252012867604,-0.1774570442971879,0.8760599564632575,0.3336677253751912,0.7430076502632157,0.8471461281330038,4.906890595608519,4.851335040052963,0.4003629469201345,5.151615458312677,2.644954993572371,-0.9620455608754784,0.6067740911085924,0.47983707592187264,0.9612256566097676,4.856890595608518,4.716531359461349
-0.11189903790506017,-0.5956511389076339,-0.10140402531267867,-0.42773246833122497,0.13213227226724822,0.47604356708071055,0.4774439525138626,4.906890595608519,4.798502956695591,0.8887914559021761,4.530422734523,0.9422124018636401,-0.256975693985131,0.7187569133093917,0.5356225945064164,1.2443118939409956,4.906890595608519,4.862446151164074
0.4447085121833796,-1.263967322734858,0.6337751582042422,-0.047266894853600215,0.6435329427892085,0.534908174706731,1.0499541787583615,4.906890595608519,4.809614067806702,0.8021107629831481,4.680841978012401,1.504159708804735,-0.6933600348181693,0.8048238914426505,0.5279634432159233,1.4555702800090766,4.873557262275185,4.795779484497407
0.35548857932617306,-2.0652867061677496,0.8196825379441535,-0.6708230576982253,0.4319858364739213,0.39707407352188684,0.5154704620061171,4.906890595608519,4.7804745539298334,0.21599276587787897,4.3999226067104935,0.9717885759131715,0.4562248977831093,0.3890338260888585,0.5884794694662703,1.6858419208232842,4.906890595608519,4.862446151164074
-0.795961315472618,-2.019255204939029,0.8365832088295997,0.7149458488224922,0.31298997471648415,0.3105641244596046,0.15633120569037973,4.906890595608519,4.624918998374277,0.5567892450644388,4.193016821913336,1.2464244778016766,0.7092423717257946,0.2772421880972261,0.4180836111687056,1.2696629002691653,4.906890595608519,4.829112817830741
-1.0414003319796796,-1.523411436209709,0.3760399272011837,0.8892562986247059,0.7750767692373033,0.6860647400565753,0.4922320395386282,4.906890595608519,4.751335040052964,0.5619838051788262,4.462601490425985,-0.6210996550401574,0.3054957129486412,0.43800499973283163,0.30851406333958864,1.0774177689472118,4.906890595608519,4.829112817830741
-0.08936330684054195,-1.7314743915376323,0.5070201265633937,0.458120774985729,0.4046960748246815,0.8830410522993992,0.6147619034581149,4.906890595608519,4.776280734473369,0.4817898448194804,5.378623412142236,1.9689281581545126,-0.576187300399377,0.9945414736707024,1.403547006826973,3.13929961697168,4.906890595608519,4.851335040052963
-0.2553909038884763,-2.164092039973751,0.7689805252878139,0.9231519783107521,0.34450350030788757,0.38998778385039234,0.8450335442723229,4.840223928941851,4.698502956695591,0.3373918158409499,5.689281702376954,2.019630170810852,0.03427624574058361,1.1820749433763993,2.157824922609948,3.523789879615587,4.906890595608519,4.840223928941852
-0.15951476135316955,-2.3395836472094675,0.16055637341174134,0.561093867036907,0.3467846757566919,0.4657873675038544,0.2556226471423777,4.906890595608519,4.716531359461349,0.6010880974002899,5.624355169239988,2.32806741447025,-0.1476539508707582,0.7735835940186608,0.9672858532831059,2.149201980932608,4.906890595608519,4.851335040052963
-0.6943044604600517,-2.3768326386522767,0.16478154113310295,0.3645376125233747,0.12775265676301473,0.2411390729971823,0.16900670885446467,4.806890595608518,4.508143720548421,0.7365036742729605,5.605256414945399,-1.1281197816035513,0.08607558984127234,0.4681212945114913,0.7271721321682141,1.842173126513664,4.906890595608519,4.81800170671963
-0.5995388091973415,-2.4252601096633564,0.30843724365939795,0.41410203095806997,0.12210637644085498,0.26635541738011315,0.09295368986995545,4.906890595608519,4.520868687523163,1.9436332324284409,7.1492249229024045,3.8913794713740475,-0.29265266990942806,1.1461494842815232,3.4994061711607696,3.272392400194571,4.906890595608519,4.829112817830741
-0.4319188519194954,-2.7486599385374806,0.26618556644578173,-0.4773425492994052,0.14538669883536492,0.5981607283400464,0.10985436075540189,4.840223928941851,4.368591412333068,0.1272603591558703,5.468198365056098,-0.6802520031392201,-0.6224960117090772,0.2838414953136227,1.1061828860357505,3.2871804872193366,4.890223928941852,4.718700023492256
-0.41340676338788596,-2.6294707216928117,0.109854360755402,-0.1858953210307118,0.1205727056015462,0.22015140410073175,0.2133709699287616,4.906890595608519,4.590115317782663,0.5056073171495872,6.559131456106828,1.791471113857325,0.009530285247981458,0.6010236471908434,2.7607230152013895,4.362485672305867,4.906890595608519,4.813807887263167
-0.497439906761338,-3.002515297858844,-0.11830469619812523,-0.5833886344145004,0.8030740240897574,0.9500124747337423,0.9696759920524907,4.906890595608519,4.829112817830741,0.054448844166703314,6.831566794708948,-1.0267157562908724,0.14023618146086614,0.7645366783401147,0.7498609898368018,0.9696759920524908,4.906890595608519,4.840223928941852
1.2533992378944037,0.09609027259686775,-0.016900670885446445,-0.5455495727750953,0.9607639903264613,0.7981920577173138,0.5344837167522444,4.906890595608519,4.784668373386297,0.9790701932241557,6.273505267519274,2.4294714397829287,0.47083745276346145,0.5320983000647446,1.3762753313276388,1.3457159192536747,4.906890595608519,4.851335040052963
-0.05130590428333193,-0.3253517264518845,0.24083456011761195,0.5710182843694684,0.25263860898960333,0.9047715131902526,0.2112583860680809,4.794309137239127,4.424701776055901,1.4235545974779695,5.963829229112373,2.74635901888505,-0.41290877343058524,0.19845709154599742,0.25505906588963745,0.3316756661268868,4.823557262275186,4.683198026128016
-0.36946484402940794,-1.1823146824942448,0.21125838606808067,0.9403705660787276,0.5529952945467285,1.2960706915655995,0.1837947958792303,4.873557262275185,4.552033356825589,1.2555263126809866,5.429784973226063,1.7534446043650702,0.6023629852591817,0.4003162713129522,0.17437694546336502,0.7140533449101129,4.890223928941852,4.802696776152055
